distance_deg,conv_rate_cm_yr,conv_angle_deg,trench_abs_rate_cm_yr,trench_abs_angle_deg,arc_len_deg,trench_norm_deg,dist_nearest_edge_deg,dist_from_start_deg,trench_abs_paral_cm_yr,subducting_abs_rate_cm_yr,subducting_abs_angle_deg,seafloor_age_ma,carbonate_sediment_thickness_m,total_sediment_thick_m,lon,lat,prob,var
3.0263127699099726,-0.6412603785951951,-0.49767540150233125,0.558889630851998,-1.134128140385204,0.341158559419044,0.19599440061474296,0.4110718836629346,-0.546231979698666,-0.10542377802026028,1.3833248604045538,-1.9916780092002373,-1.0671883870104004,1.3460147854030218,-0.5507704875962636,154.0,-15.337,0.1898631381047588,0.0032989528219280707
2.792855751670643,-0.6412603785951951,-0.49767540150233125,0.5246828809637474,-1.3643223526372306,0.8883860473462354,0.3776589977463347,-0.7112575807962507,-0.01431829436506252,0.244222536028609,1.3416855270027876,-2.2924273871184444,-1.2163740977769264,0.9972863909206167,-0.638243090021944,155.0,-15.337,0.1544467730118236,0.002586400476080876
2.442670224311648,-0.6412603785951951,-0.49767540150233125,0.5151049909950374,-1.3770134723624654,-0.20606892850814745,0.3864848081332948,-1.0324273332043823,0.1144161347981233,0.2642979224811757,1.3300265136502931,-2.309008370302639,-1.2110259307871831,1.3881805875736266,-0.5991470614635144,156.0,-15.337,0.14624139432844532,0.0023974696106210127
2.676127242550978,-0.6412603785951951,-0.49767540150233125,0.5903598407491887,-1.0544733076382005,0.8883860473462354,0.1290653385136302,-1.0288979952658313,-1.1234149148478954,-0.2359137899619436,1.421633047134179,-1.887608748889679,-0.7567132191321403,0.1548308740834191,-0.41395170209196286,149.0,-14.337,0.10260267494205713,0.003625288646292252
2.5593987334313133,-0.6412603785951951,-0.49767540150233125,0.5903598407491887,-1.0544733076382005,0.8883860473462354,0.1290653385136302,-1.0288979952658313,-1.1234149148478954,-0.2359137899619436,1.421633047134179,-1.887608748889679,-0.7567132191321403,0.1548308740834191,-0.41395170209196286,150.0,-14.337,0.10260267494205713,0.003625288646292252
2.5204892303914246,-0.6412603785951951,-0.49767540150233125,0.5889915707536586,-1.0538542286272132,0.8883860473462354,0.12873845664744654,-0.9618405744333643,-1.0965362977698674,-0.2359137899619436,1.4199674737981083,-1.8867999204416694,-0.7567132191321403,0.1548308740834191,-0.41395170209196286,151.0,-14.337,0.0987428314202794,0.003920698148379973
2.5204892303914246,-0.6412603785951951,-0.49767540150233125,0.5835184907715385,-1.0510683730777715,0.8883860473462354,0.1273492087161657,-0.6830228772878434,-0.9847778372875411,-0.2359137899619436,1.413305180453826,-1.8831601924256265,-0.7164612254724927,0.01972820182249976,-0.42195097808576026,152.0,-14.337,0.09380719812727747,0.0037811321927470887
2.4815797273515363,-0.6412603785951951,-0.49767540150233125,0.5657309808296482,-1.1365012765939875,0.341158559419044,0.19730192807947775,0.13931286239451565,-0.6551611120675156,-0.10542377802026028,1.3916527270849073,-1.9947785182509403,-0.945024993665736,1.1579897287851177,-0.5053373702635269,153.0,-14.337,0.18933279442072687,0.004436661657047406
2.3648512182318715,-0.6412603785951951,-0.49767540150233125,0.558889630851998,-1.134128140385204,0.341158559419044,0.19599440061474296,0.4110718836629346,-0.546231979698666,-0.10542377802026028,1.3833248604045538,-1.9916780092002373,-1.0671883870104004,1.3460147854030218,-0.5507704875962636,154.0,-14.337,0.1898631381047588,0.0032989528219280707
2.2481227091122067,-0.6412603785951951,-0.49767540150233125,0.5274194209548075,-1.364425532472395,0.8883860473462354,0.37831276147870224,-0.5736134011927657,-0.06949019257785657,0.244222536028609,1.3450166736749292,-2.292562191859779,-1.3134855510117402,0.9972863909206167,-0.638243090021944,155.0,-14.337,0.1542870301912019,0.002440880290904634
1.897937181753212,-0.6412603785951951,-0.49767540150233125,0.5205780709771575,-1.3772198320327946,-0.20606892850814745,0.38738373326530007,-0.8489017603997356,0.04085360384773141,0.2642979224811757,1.3366888069945757,-2.309277979785309,-1.2110259307871831,1.3881805875736266,-0.5991470614635144,156.0,-14.337,0.14291402790597826,0.002595498766415721
2.0535751939127653,-0.6412603785951951,-0.49767540150233125,0.5903598407491887,-1.0544733076382005,0.8883860473462354,0.1290653385136302,-1.0288979952658313,-1.1234149148478954,-0.2359137899619436,1.421633047134179,-1.887608748889679,-0.7567132191321403,0.1548308740834191,-0.41395170209196286,149.0,-13.337,0.10260267494205713,0.003625288646292252
1.897937181753212,-0.6412603785951951,-0.49767540150233125,0.5903598407491887,-1.0544733076382005,0.8883860473462354,0.1290653385136302,-1.0288979952658313,-1.1234149148478954,-0.2359137899619436,1.421633047134179,-1.887608748889679,-0.7567132191321403,0.1548308740834191,-0.41395170209196286,150.0,-13.337,0.10260267494205713,0.003625288646292252
1.8201181756734353,-0.6412603785951951,-0.49767540150233125,0.5889915707536586,-1.0538542286272132,0.8883860473462354,0.12873845664744654,-0.9618405744333643,-1.0965362977698674,-0.2359137899619436,1.4199674737981083,-1.8867999204416694,-0.7567132191321403,0.1548308740834191,-0.41395170209196286,151.0,-13.337,0.0987428314202794,0.003920698148379973
1.8201181756734353,-0.6412603785951951,-0.49767540150233125,0.5835184907715385,-1.0510683730777715,0.8883860473462354,0.1273492087161657,-0.6830228772878434,-0.9847778372875411,-0.2359137899619436,1.413305180453826,-1.8831601924256265,-0.7164612254724927,0.01972820182249976,-0.42195097808576026,152.0,-13.337,0.09380719812727747,0.0037811321927470887
1.781208672633547,-0.6412603785951951,-0.49767540150233125,0.5698357908162383,-1.1382553337917845,0.341158559419044,0.19828257367802887,-0.06538873804143641,-0.7372116273583375,-0.10542377802026028,1.396649447093119,-1.9970701988536341,-0.827646802364526,0.7709679017192038,-0.4620512447559654,153.0,-13.337,0.1686261190934042,0.005918431788654853
1.7033896665537704,-0.6412603785951951,-0.49767540150233125,0.558889630851998,-1.134128140385204,0.341158559419044,0.19599440061474296,0.4110718836629346,-0.546231979698666,-0.10542377802026028,1.3833248604045538,-1.9916780092002373,-1.0671883870104004,1.3460147854030218,-0.5507704875962636,154.0,-13.337,0.1898631381047588,0.0032989528219280707
1.5866611574341059,-0.6412603785951951,-0.49767540150233125,0.5506800108788179,-1.1792177283520957,-0.20606892850814745,0.23227828776113377,0.2840157178751023,-0.4118388943085268,-0.03683287430732417,1.3733314203881302,-2.0505876811635977,-1.217500027669504,1.3492417600589348,-0.6049647167317307,155.0,-13.337,0.17467184946699849,0.0023249253629030187
1.3142946361548875,-0.6412603785951951,-0.49767540150233125,0.5260511509592776,-1.3643223526372306,0.8883860473462354,0.3779858796125186,-0.6442001599637837,-0.04119691144309041,0.244222536028609,1.3433511003388585,-2.2924273871184444,-1.2163740977769264,0.9972863909206167,-0.638243090021944,156.0,-13.337,0.15394169189759888,0.002515451857461589
1.4310231452745525,-0.6412603785951951,-0.49767540150233125,0.5903598407491887,-1.0544733076382005,0.8883860473462354,0.1290653385136302,-1.0288979952658313,-1.1234149148478954,-0.2359137899619436,1.421633047134179,-1.887608748889679,-0.7567132191321403,0.1548308740834191,-0.41395170209196286,149.0,-12.337,0.10260267494205713,0.003625288646292252
1.1975661270352225,-0.6412603785951951,-0.49767540150233125,0.5903598407491887,-1.0544733076382005,0.8883860473462354,0.1290653385136302,-1.0288979952658313,-1.1234149148478954,-0.2359137899619436,1.421633047134179,-1.887608748889679,-0.7567132191321403,0.1548308740834191,-0.41395170209196286,150.0,-12.337,0.10283967799756892,0.0035977262190872343
1.1586566239953342,-0.6412603785951951,-0.49767540150233125,0.5889915707536586,-1.0538542286272132,0.8883860473462354,0.12873845664744654,-0.9618405744333643,-1.0965362977698674,-0.2359137899619436,1.4199674737981083,-1.8867999204416694,-0.7567132191321403,0.1548308740834191,-0.41395170209196286,151.0,-12.337,0.09939506736205814,0.003843760485090801
1.1586566239953342,-0.6412603785951951,-0.49767540150233125,0.5835184907715385,-1.0510683730777715,0.8883860473462354,0.1273492087161657,-0.6830228772878434,-0.9847778372875411,-0.2359137899619436,1.413305180453826,-1.8831601924256265,-0.7164612254724927,0.01972820182249976,-0.42195097808576026,152.0,-12.337,0.09445943406905623,0.003718418123715865
1.119747120955446,-0.6412603785951951,-0.49767540150233125,0.5698357908162383,-1.1382553337917845,0.341158559419044,0.19828257367802887,-0.06538873804143641,-0.7372116273583375,-0.10542377802026028,1.396649447093119,-1.9970701988536341,-0.827646802364526,0.7709679017192038,-0.4620512447559654,153.0,-12.337,0.16963189810596457,0.0059994199034836045
1.0419281148756692,-0.6412603785951951,-0.49767540150233125,0.5616261708430581,-1.135366298407178,0.341158559419044,0.19664816434711047,0.27695704199800053,-0.5999892138547217,-0.10542377802026028,1.3866560070766953,-1.9932956660962564,-0.945024993665736,1.1579897287851177,-0.5053373702635269,154.0,-12.337,0.1953847147610726,0.004516128215720451
-1.5650085887968466,1.2661600381347569,0.1689965450808438,1.1992399887600493,-0.7741336954962206,0.341158559419044,-0.9644362243373957,-0.6865522152263943,0.008316330542750284,-1.1945134930720016,-0.26392716896932106,-0.00789143571555171,-0.19459272026279664,-0.16550014342694552,-0.5165917628954929,166.0,-12.337,0.6461281990366639,0.0050704532948082906
-0.9424565401586338,1.2873535983206454,0.06112031887234035,1.2142909587108797,-0.8502804138476305,0.8883860473462354,-0.9129523304134627,-0.5489080356229094,-0.04685556767004364,-1.0891177141960267,-0.2572648756250384,-0.09457088439390539,-0.19459272026279664,-0.16550014342694552,-0.5165917628954929,167.0,-12.337,0.6131205729772399,0.006640153709372658
0.1470095449582386,0.7272380791221671,0.6208554548598582,-1.096717063739331,-0.3605889161568555,-3.489433856071293,-1.2652492616929467,0.34048512489191674,-0.574525260833432,-0.774603326439149,-0.317225515723582,0.4601506261992912,-1.1538849887388722,1.281905555572203,-0.5200546529360979,168.0,-12.337,0.5829461584947195,0.00893091132884399
0.06919053887846194,0.7257242533946037,0.8674520532319814,-1.096717063739331,-0.19921565395955848,-0.20606892850814745,1.549448767548357,0.2451930005510425,-0.6127211903653664,-0.6809181896605044,-0.3138943690514406,0.6713896558711111,-1.1538849887388722,1.281905555572203,-0.5200546529360979,169.0,-12.337,0.5798372852266308,0.006077376112066452
0.5750140783970097,0.7544869422183095,0.2169067413359992,0.6957166304050004,-0.6228720571450456,-0.7532964164353374,-1.062337343259414,1.053411388479198,-0.28876312137229415,-0.7612197354707712,-0.34554026243678304,0.12745252458470815,-0.921098983448463,1.3408516259535597,-0.5023939137290128,165.0,-11.337,0.6060340798630954,0.013244633607563
-1.3315515705575167,1.2162037891251627,0.19122938125153682,1.1650332388717988,-0.7463783198369668,0.341158559419044,-0.9632104173392068,-1.0288979952658313,0.14553874404636616,-1.1945134930720016,-0.2772517556578863,-0.006004169336862833,-0.19459272026279664,-0.16550014342694552,-0.5165917628954929,166.0,-11.337,0.6631658484147203,0.004885223960390996
-0.708999521919304,1.235883523583488,0.18214836366069043,1.177347668831569,-0.7576249218698986,0.341158559419044,-0.9637007401384824,-0.8912538156623465,0.0903668458335721,-1.1945134930720016,-0.2722550356496743,-0.006678193043537431,-0.19459272026279664,-0.16550014342694552,-0.5165917628954929,167.0,-11.337,0.6460542865349936,0.004965357067834521
-0.08644747328109113,1.2661600381347569,0.1689965450808438,1.1992399887600493,-0.7741336954962206,0.341158559419044,-0.9644362243373957,-0.6865522152263943,0.008316330542750284,-1.1945134930720016,-0.26392716896932106,-0.00789143571555171,-0.19459272026279664,-0.16550014342694552,-0.5165917628954929,168.0,-11.337,0.5617124393962329,0.00796847884720403
0.5361045753571216,1.2661600381347569,0.1689965450808438,1.1992399887600493,-0.7741336954962206,0.341158559419044,-0.9644362243373957,-0.6865522152263943,0.008316330542750284,-1.1945134930720016,-0.26392716896932106,-0.00789143571555171,-0.19459272026279664,-0.16550014342694552,-0.5165917628954929,169.0,-11.337,0.48840396905622596,0.005866906314827573
-1.0591850492782986,0.7257242533946037,0.8776290557044818,-1.099453603730391,-0.1959138992342941,-0.20606892850814745,1.548141240083622,-0.008919331024622,-0.7145770024505245,-0.6809181896605044,-0.307232075707158,0.6785343071618618,-0.5222383190028648,1.2588864696933522,-0.5009394999119586,163.0,-10.337,0.6798082057824242,0.0019959512282951117
-1.1759135583979636,0.7242104276670402,0.8724622698338278,-1.1021901437214514,-0.2042714658826196,0.341158559419044,1.556395007204761,-0.3547944490026101,-0.8532140800108786,-0.6909558828867879,-0.2972386356907341,0.6720636795777857,-0.39388231124902356,0.9654469076489349,-0.4955373914486149,164.0,-10.337,0.6674386684519582,0.0032804130539357615
-1.0202755462384105,-2.0097588363125576,1.066295024617757,-1.1090314936991013,-0.08447967725662091,0.341158559419044,1.4638874390747731,-0.9053711674165499,-1.0739016728620545,-0.5805412573976712,-0.2822484756660983,0.8384127303850771,-0.2922671384438994,0.6881422188840862,-0.5024285426294188,165.0,-10.337,0.5553858659352929,0.006035875653041362
-0.9035470371187455,-2.0112726620401213,1.23131903394107,-1.1103997636946312,0.022105092468320264,-0.20606892850814745,1.3797970789990164,-1.0324273332043823,-1.1248295789046336,-0.4450323988428463,-0.28058290233002753,0.9811709514587577,-0.19459272026279664,-0.16550014342694552,-0.5165917628954929,166.0,-10.337,0.4951630192712707,0.0077976875961443416
-0.43663300064008587,1.2162037891251627,0.19122938125153682,1.1650332388717988,-0.7463783198369668,0.341158559419044,-0.9632104173392068,-1.0288979952658313,0.14553874404636616,-1.1945134930720016,-0.2772517556578863,-0.006004169336862833,-0.19459272026279664,-0.16550014342694552,-0.5165917628954929,167.0,-10.337,0.6354234632777513,0.005304429765414858
0.1470095449582386,1.2162037891251627,0.19122938125153682,1.1650332388717988,-0.7463783198369668,0.341158559419044,-0.9632104173392068,-1.0288979952658313,0.14553874404636616,-1.1945134930720016,-0.2772517556578863,-0.006004169336862833,-0.19459272026279664,-0.16550014342694552,-0.5165917628954929,168.0,-10.337,0.5544057046842745,0.007704778053865278
0.7695615935964514,1.2268005692181068,0.18668887245611362,1.1705063188539189,-0.7520532107710151,0.341158559419044,-0.9634555787388446,-0.9618405744333643,0.11724546291159986,-1.1945134930720016,-0.27558618232181564,-0.006408583560867596,-0.19459272026279664,-0.16550014342694552,-0.5165917628954929,169.0,-10.337,0.49266803808975757,0.005352686940676122
-0.7868185279990806,0.7544869422183095,0.2169067413359992,0.6957166304050004,-0.6228720571450456,-0.7532964164353374,-1.062337343259414,1.053411388479198,-0.28876312137229415,-0.7612197354707712,-0.34554026243678304,0.12745252458470815,-0.921098983448463,1.3408516259535597,-0.5023939137290128,161.0,-9.337,0.7400115603239282,0.004160383188116676
-0.39772349760019754,0.7438901621253653,0.08961592579534126,0.6929800904139405,-0.7074795219799456,-1.8477513922897202,-0.9935287104277452,0.8063577327806352,-0.38778960534397566,-0.7093583204683073,-0.33554682242035905,0.012194470743351388,-0.921098983448463,1.3408516259535597,-0.605207119034573,162.0,-9.337,0.6904907931234897,0.0046293741449973435
-0.39772349760019754,0.7242104276670402,0.8851443806072511,-1.1008218737259212,-0.1926121445090297,-2.39497888021691,1.546098228419974,-0.12891682093535262,-0.7626755803796269,-0.6792452407894572,-0.30390092903501675,0.6843309110392634,-0.5222383190028648,1.2588864696933522,-0.5009394999119586,163.0,-9.337,0.6588788510217445,0.0027586474015148968
-0.5144520067198626,0.7242104276670402,0.8724622698338278,-1.1021901437214514,-0.2042714658826196,0.341158559419044,1.556395007204761,-0.3547944490026101,-0.8532140800108786,-0.6909558828867879,-0.2972386356907341,0.6720636795777857,-0.39388231124902356,0.9654469076489349,-0.4955373914486149,164.0,-9.337,0.6656282352690568,0.0035145835537456057
-0.3588139945603092,-2.008245010584994,1.0636333470480261,-1.1076632237035713,-0.0852019361027725,0.341158559419044,1.464214320940957,-0.8383137465840829,-1.0470230557840268,-0.5805412573976712,-0.2839140490021689,0.8359862450410486,-0.2922671384438994,0.6881422188840862,-0.5024285426294188,165.0,-9.337,0.5294656066271652,0.007576716068330887
-0.2809949884805328,-2.0112726620401213,1.23131903394107,-1.1103997636946312,0.022105092468320264,-0.20606892850814745,1.3797970789990164,-1.0324273332043823,-1.1248295789046336,-0.4450323988428463,-0.28058290233002753,0.9811709514587577,-0.19459272026279664,-0.16550014342694552,-0.5165917628954929,166.0,-9.337,0.44723632119080897,0.00878614799604339
-0.6700900188794158,0.30790835258709043,-0.34188897903867244,0.1059922623315601,1.463114670375898,0.341158559419044,-1.3021051921051587,1.332229085624719,0.3322743995358227,0.6724974470166977,-0.6669959162984188,0.4865723555009356,1.7366585279808524,-0.2360633225695913,1.300282754708694,121.0,-8.337,0.33476267692901734,0.003985343896231572
-0.6311805158395274,0.2912562695838925,-0.33907073220013384,0.1046239923360301,1.4369069922441118,-0.20606892850814745,-1.3035761605029856,1.7204562588653176,0.17666135329460875,0.6724974470166977,-0.6653303429623483,0.48738118394894503,1.7366585279808524,-0.2360633225695913,1.300282754708694,122.0,-8.337,0.331413461868542,0.0037188150143537325
-0.708999521919304,0.2715765351255676,-0.12911134272901184,0.10051918234943999,1.5393645685624724,0.341158559419044,1.5308982216424323,1.7416322864966232,-0.012903630308324244,0.6574409071772728,-0.6619991962902069,0.663301371391016,2.0291188175778716,-0.4481831232849838,3.3321681149340403,123.0,-8.337,0.4346606086170565,0.01024476037050769
-0.825728031038969,0.256438277849933,-0.12284857197670392,0.09778264235837994,1.5163554653207862,0.341158559419044,1.529672414644243,1.399286506457186,-0.15012604381193997,0.6574409071772728,-0.6603336229541362,0.6645146140630301,2.0291188175778716,-0.4481831232849838,3.3321681149340403,124.0,-8.337,0.42438721632308385,0.01062805379097051
-0.9035470371187455,0.24130002057429853,-0.11627266268678066,0.09504610236731989,1.4928304629032776,0.341158559419044,1.5285283281126003,1.053411388479198,-0.28876312137229415,0.6574409071772728,-0.6586680496180657,0.6658626614763794,2.0291188175778716,-0.4481831232849838,3.3321681149340403,125.0,-8.337,0.41824532450529467,0.010929760427499904
1.236475630075111,-1.7720881970850952,1.3842872095661902,-1.5195124923581087,0.24652123395113432,0.341158559419044,-1.3105224001593891,-1.0288979952658313,-0.17983398900344455,-0.2610080230276519,-0.5637303694620384,0.5012660723064418,-0.9804917852819289,1.1730489438460483,-0.5126440682492033,144.0,-8.337,0.6962439912631735,0.009650920279045084
1.0030186118357813,-1.7720881970850952,1.3842872095661902,-1.5195124923581087,0.24652123395113432,0.341158559419044,-1.3105224001593891,-1.0288979952658313,-0.17983398900344455,-0.2610080230276519,-0.5637303694620384,0.5012660723064418,-0.9804917852819289,1.1730489438460483,-0.5126440682492033,145.0,-8.337,0.6974092594308976,0.009825871482044234
0.9251996057560047,-1.7736020228126588,1.3858529022542672,-1.520880762353639,0.24662441378629882,0.341158559419044,-1.3107675615590269,-0.9618405744333643,-0.20812727013821058,-0.2610080230276519,-0.5637303694620384,0.5019400960131165,-0.9804917852819289,1.1730489438460483,-0.5126440682492033,146.0,-8.337,0.6953778289854741,0.010376310780503195
0.8862901027161164,-1.7826849771780393,1.3969693203396139,-1.5249855723402288,0.24755303230277945,-0.20606892850814745,-1.3123202504233995,-0.5065559803602986,-0.3906189334574522,-0.2610080230276519,-0.5537369294456146,0.5062538477358339,-0.9149063690392865,1.1437910402990976,-0.4770109297313786,147.0,-8.337,0.6854018477076818,0.010214863798837154
0.22482855103801527,-0.6412603785951951,-0.49767540150233125,0.5903598407491887,-1.0544733076382005,0.8883860473462354,0.1290653385136302,-1.0288979952658313,-1.1234149148478954,-0.2359137899619436,1.421633047134179,-1.887608748889679,-0.7567132191321403,0.1548308740834191,-0.41395170209196286,148.0,-8.337,0.13961005870432913,0.0033374047542538768
-0.43663300064008587,-0.6412603785951951,-0.49767540150233125,0.5903598407491887,-1.0544733076382005,0.8883860473462354,0.1290653385136302,-1.0288979952658313,-1.1234149148478954,-0.2359137899619436,1.421633047134179,-1.887608748889679,-0.7567132191321403,0.1548308740834191,-0.41395170209196286,149.0,-8.337,0.22491877533487145,0.007020971011283289
-0.9813660431985222,0.9300907266156702,0.09180789555864903,0.721713760320071,-0.6961297401118492,0.8883860473462354,-1.036023353031626,-0.07597675185708919,1.4979575822881874,-0.7495090933734406,-0.498773009355283,0.0971214577843511,0.842107228327986,-1.1903872941451297,-0.14332684541868787,150.0,-8.337,0.8111249097484207,0.0179674960267581
-0.5922710127996391,0.777194328131761,0.12687941177157325,0.6984531703960606,-0.6804464051668433,-2.9422063681441015,-1.0201695825217167,1.5581067136919762,-0.08646616125871627,-0.7344525535340156,-0.36552714246963086,0.0609937871065925,0.15894926600655504,0.32241842454720265,-0.2814269002380124,160.0,-8.337,0.6900644533204708,0.017899730396810597
-0.20317598240075613,0.7620560708561266,0.19686587492861393,0.6957166304050004,-0.6352536373647871,-0.7532964164353374,-1.053674973805546,1.229878285406743,-0.21802991853537879,-0.7562008888576294,-0.35220255578106563,0.11410685519255105,-0.7631873160144611,0.32241842454720265,-0.5023939137290128,161.0,-8.337,0.665184090903291,0.004313155408225859
0.1470095449582386,0.749945465035619,0.2194118496369223,0.6943483604094705,-0.6215307192879069,-8.414481247416012,-1.0627459455921437,0.9616486020768747,-0.3255443868474901,-0.7612197354707712,-0.34220911576464164,0.12758732932604305,-0.921098983448463,1.3408516259535597,-0.605207119034573,162.0,-8.337,0.6476521848324168,0.012520163569799892
-0.08644747328109113,0.7257242533946037,0.8726188391026354,-1.098085333734861,-0.19756477659692623,-0.20606892850814745,1.54879500381599,0.11813683476321026,-0.6636490964079456,-0.6809181896605044,-0.31056322237929934,0.6750293838871539,-0.5222383190028648,1.281905555572203,-0.5200546529360979,163.0,-8.337,0.6156111769743947,0.00473400854990809
0.1470095449582386,0.7242104276670402,0.8893717508650592,-1.1008218737259212,-0.191270806651891,-2.39497888021691,1.5455261851541526,-0.23126762115332866,-0.8037008380250379,-0.6792452407894572,-0.30056978236287535,0.6874314200899666,-0.5222383190028648,1.2588864696933522,-0.5009394999119586,164.0,-8.337,0.5814449820489925,0.004939215344149553
0.06919053887846194,0.30790835258709043,-0.34188897903867244,0.1059922623315601,1.463114670375898,0.341158559419044,-1.3021051921051587,1.332229085624719,0.3322743995358227,0.6724974470166977,-0.6669959162984188,0.4865723555009356,1.7366585279808524,-0.2360633225695913,1.300282754708694,121.0,-7.337,0.2501952500816459,0.004021645094057534
0.1470095449582386,0.2655212322153138,-0.1266062344280887,0.09915091235391,1.530181563232831,0.341158559419044,1.5304078988431566,1.603988106893138,-0.0680755285211183,0.6574409071772728,-0.6619991962902069,0.6638405903563556,2.0291188175778716,-0.4481831232849838,3.3321681149340403,122.0,-7.337,0.3491175241957266,0.009418271280261754
0.18591904799812695,0.24735532348455233,-0.11893434025651148,0.09641437236284994,1.5023230077384124,0.341158559419044,1.52893693044533,1.1910555680826829,-0.2335912231595002,0.6574409071772728,-0.6586680496180657,0.6653234425110397,2.0291188175778716,-0.4481831232849838,3.3321681149340403,123.0,-7.337,0.33421170574663905,0.010249428292616526
0.18591904799812695,0.2352447176640447,-0.15745038038320502,0.09504610236731989,1.4544475642220789,0.8883860473462354,1.550838015479638,0.9157672088757132,-0.34393501958508804,0.65911385604832,-0.657002476281995,0.6287913576092763,2.0291188175778716,-0.4481831232849838,3.3321681149340403,124.0,-7.337,0.30317799152154074,0.012827545559152503
0.26373805407790335,0.22010646038841022,-0.15103104036208945,0.0936778323717899,1.430097123123254,0.8883860473462354,1.5496122084814488,0.5698920908977251,-0.4825720971454422,0.65911385604832,-0.6553369029459243,0.6302742097639604,2.0291188175778716,-0.4481831232849838,3.3321681149340403,125.0,-7.337,0.2879722570788635,0.012608827195344136
0.3026475571177917,0.2049682031127756,-0.14445513107216618,0.0936778323717899,1.4056435021892646,0.8883860473462354,1.548468121949806,0.22401697291973713,-0.6212091747057962,0.65911385604832,-0.652005756273783,0.6318918666599794,2.0291188175778716,-0.4481831232849838,3.3321681149340403,126.0,-7.337,0.2989497905929625,0.00905714651018718
0.3026475571177917,0.2140511574781564,0.374728564294158,1.449633397942044,-0.8142706513752159,-0.20606892850814745,-0.6484231802043027,-1.0324273332043823,-1.1248295789046336,-1.3902485109845264,1.5265641673066301,-1.559628813221818,0.3039127396759152,-1.2138366433114358,-0.040998444718812345,127.0,-7.337,0.31999750302436064,0.015181627736415907
-0.3588139945603092,0.2140511574781564,0.374728564294158,1.449633397942044,-0.8142706513752159,-0.20606892850814745,-0.6484231802043027,-1.0324273332043823,-1.1248295789046336,-1.3902485109845264,1.5265641673066301,-1.559628813221818,0.3039127396759152,-1.2138366433114358,-0.040998444718812345,128.0,-7.337,0.384553257188581,0.016616899926431915
-0.5533615097597508,0.17771934001663348,-0.06664020447474059,0.09230956237625984,1.4050244231782774,-0.20606892850814745,1.5127562780692365,-0.38655849044956814,-0.8659460565215233,0.65911385604832,-0.647009036265571,0.6906667338820046,2.0291188175778716,0.3953480517708518,3.3321681149340403,129.0,-7.337,0.4057010357209002,0.01061714876915
0.6528330844767865,-1.7720881970850952,1.3842872095661902,-1.5195124923581087,0.24652123395113432,0.341158559419044,-1.3105224001593891,-1.0288979952658313,-0.17983398900344455,-0.2610080230276519,-0.5637303694620384,0.5012660723064418,-0.9804917852819289,1.1730489438460483,-0.5126440682492033,144.0,-7.337,0.707643231834995,0.010333919553703134
0.34155706015768,-1.7720881970850952,1.3842872095661902,-1.5195124923581087,0.24652123395113432,0.341158559419044,-1.3105224001593891,-1.0288979952658313,-0.17983398900344455,-0.2610080230276519,-0.5637303694620384,0.5012660723064418,-0.9804917852819289,1.1730489438460483,-0.5126440682492033,145.0,-7.337,0.7390385397714994,0.010915357314828743
0.26373805407790335,-1.7736020228126588,1.3858529022542672,-1.520880762353639,0.24662441378629882,0.341158559419044,-1.3107675615590269,-0.9618405744333643,-0.20812727013821058,-0.2610080230276519,-0.5637303694620384,0.5019400960131165,-0.9804917852819289,1.1730489438460483,-0.5126440682492033,146.0,-7.337,0.7471101524721352,0.010212393985799642
0.22482855103801527,-1.781171151450476,1.3954036276515367,-1.5249855723402288,0.24734667263245042,-0.20606892850814745,-1.3120750890237618,-0.5700840632542148,-0.36515498043616273,-0.2610080230276519,-0.5554025027816851,0.5057146287704941,-0.9149063690392865,1.1437910402990976,-0.4770109297313786,147.0,-7.337,0.7411697046157235,0.010101539495299676
-1.6817370979165114,0.9527981125291217,0.22223009647546085,0.7258185703066611,-0.6105936567604686,-0.7532964164353374,-1.1081825249916784,-0.6936108911034962,1.7455237922173912,-0.8030434572469517,-0.5154287427159895,0.21804131076177452,0.8764480900516013,-1.2631017897250514,-0.16143776033105167,148.0,-7.337,0.8127843888151768,0.013532323005398316
-1.6817370979165114,0.9406875067086141,-0.11580295488035755,0.7230820303156009,-0.833049381375157,-1.3005239043625287,-0.9296233055888315,-0.3442064351869573,1.605472050600299,-0.6273838257869934,-0.5054353026995656,-0.07772029172704037,0.842107228327986,-1.2631017897250514,-0.14332684541868787,149.0,-7.337,0.7615451162140824,0.019387279192222773
-1.642827594876623,0.9270630751605431,0.09290388044030291,0.720345490324541,-0.6954074812656977,0.8883860473462354,-1.036186793964718,-0.005389993086071177,1.4696643011534214,-0.7495090933734406,-0.49544186268314166,0.0971214577843511,0.842107228327986,-1.1903872941451297,-0.14332684541868787,150.0,-7.337,0.8072792493147911,0.017807914388422594
-0.2809949884805328,0.7938464111349592,0.2225432350130763,0.6998214403915906,-0.6152367493428718,0.341158559419044,-1.0750040155740326,2.0133913077650423,0.09602550206052546,-0.7712574286970546,-0.38218287583033733,0.1518521827663287,0.15894926600655504,-0.817133892277781,-0.2814269002380124,159.0,-7.337,0.6940595519323669,0.017608008204331494
-0.008628467201314733,0.7787081538593248,0.34247529491977236,0.6984531703960606,-0.5382645923101457,-2.39497888021691,-1.1331072672881852,1.603988106893138,-0.0680755285211183,-0.7946787128917154,-0.3671927158057015,0.2474287443727871,0.15894926600655504,0.32241842454720265,-0.2814269002380124,160.0,-7.337,0.6079945467200087,0.0163073073613288
0.34155706015768,0.777194328131761,0.12687941177157325,0.6984531703960606,-0.6804464051668433,-2.9422063681441015,-1.0201695825217167,1.5581067136919762,-0.08646616125871627,-0.7344525535340156,-0.36552714246963086,0.0609937871065925,0.15894926600655504,0.32241842454720265,-0.2814269002380124,161.0,-7.337,0.56896592479084,0.022544613662722902
0.7306520905565631,0.7575145936734363,0.2153410486479222,0.6957166304050004,-0.6236974958263617,-0.7532964164353374,-1.0620921818597764,1.1134101334345632,-0.26471383240774293,-0.7612197354707712,-0.34720583577285363,0.12731771984337323,-0.921098983448463,1.3408516259535597,-0.5023939137290128,162.0,-7.337,0.601918147001393,0.012176190023460104
0.9641091087958931,0.7242104276670402,0.8893717508650592,-1.1008218737259212,-0.191270806651891,-2.39497888021691,1.5455261851541526,-0.23126762115332866,-0.8037008380250379,-0.6792452407894572,-0.30056978236287535,0.6874314200899666,-0.5222383190028648,1.2588864696933522,-0.5009394999119586,163.0,-7.337,0.5189803348766423,0.005160096895660394
0.7695615935964514,0.30790835258709043,-0.34188897903867244,0.1059922623315601,1.463114670375898,0.341158559419044,-1.3021051921051587,1.332229085624719,0.3322743995358227,0.6724974470166977,-0.6669959162984188,0.4865723555009356,1.7366585279808524,-0.2360633225695913,1.300282754708694,121.0,-6.337,0.20943940763433583,0.0029157379976339206
0.847380599676228,0.2655212322153138,-0.1266062344280887,0.09915091235391,1.530181563232831,0.341158559419044,1.5304078988431566,1.603988106893138,-0.0680755285211183,0.6574409071772728,-0.6619991962902069,0.6638405903563556,2.0291188175778716,-0.4481831232849838,3.3321681149340403,122.0,-6.337,0.2983957000404099,0.006612749943094122
0.41937606623745666,0.13230456818972988,-0.4552451296554453,-0.6917091450624441,1.2010378890580369,-0.20606892850814745,1.1123259919942028,-1.0324273332043823,-0.4797427690319655,0.8699054138002699,-0.7369499964133862,0.5074670904078482,-0.9213804659216075,1.2827660821471136,-0.27311596414056055,123.0,-6.337,0.2806262617596916,0.0021470496877083484
-0.04753797024120306,0.13230456818972988,-0.4552451296554453,-0.6917091450624441,1.2010378890580369,-0.20606892850814745,1.1123259919942028,-1.0324273332043823,-0.4797427690319655,0.8699054138002699,-0.7369499964133862,0.5074670904078482,-0.9213804659216075,1.2827660821471136,-0.27311596414056055,124.0,-6.337,0.3225935236474332,0.002028780002447921
-0.3199044915204211,0.13230456818972988,-0.4552451296554453,-0.6917091450624441,1.2010378890580369,-0.20606892850814745,1.1123259919942028,-1.0324273332043823,-0.4797427690319655,0.8699054138002699,-0.7369499964133862,0.5074670904078482,-0.9213804659216075,1.2827660821471136,-0.27311596414056055,125.0,-6.337,0.35646517744209294,0.0019189900099582547
-0.3199044915204211,0.13230456818972988,-0.4552451296554453,-0.6917091450624441,1.2010378890580369,-0.20606892850814745,1.1123259919942028,-1.0324273332043823,-0.4797427690319655,0.8699054138002699,-0.7369499964133862,0.5074670904078482,-0.9213804659216075,1.2827660821471136,-0.27311596414056055,126.0,-6.337,0.35646517744209294,0.0019189900099582547
-0.008628467201314733,0.13230456818972988,-0.4552451296554453,-0.6917091450624441,1.2010378890580369,-0.20606892850814745,1.1123259919942028,-1.0324273332043823,-0.4797427690319655,0.8699054138002699,-0.7369499964133862,0.5074670904078482,-0.9213804659216075,1.2827660821471136,-0.27311596414056055,127.0,-6.337,0.31771913905872107,0.0021940655030665765
0.22482855103801527,0.19285759729226795,-0.13881863739508904,0.09230956237625984,1.3859361536728427,0.8883860473462354,1.5475691968178007,-0.05480072422578378,-0.7329676351881226,0.65911385604832,-0.6503401829377125,0.6332399140733287,2.0291188175778716,-0.4481831232849838,3.3321681149340403,128.0,-6.337,0.30419103854327223,0.009386469760309553
-0.12535697632097947,0.2140511574781564,0.374728564294158,1.449633397942044,-0.8142706513752159,-0.20606892850814745,-0.6484231802043027,-1.0324273332043823,-1.1248295789046336,-1.3902485109845264,1.5265641673066301,-1.559628813221818,0.3039127396759152,-1.2138366433114358,-0.040998444718812345,129.0,-6.337,0.35179345936089873,0.019211585868683177
0.10810004191835026,-1.7720881970850952,1.3842872095661902,-1.5195124923581087,0.24652123395113432,0.341158559419044,-1.3105224001593891,-1.0288979952658313,-0.17983398900344455,-0.2610080230276519,-0.5637303694620384,0.5012660723064418,-0.9804917852819289,1.1730489438460483,-0.5126440682492033,144.0,-6.337,0.7649081433055882,0.009067043105724615
-0.2809949884805328,-1.7720881970850952,1.3842872095661902,-1.5195124923581087,0.24652123395113432,0.341158559419044,-1.3105224001593891,-1.0288979952658313,-0.17983398900344455,-0.2610080230276519,-0.5637303694620384,0.5012660723064418,-0.9804917852819289,1.1730489438460483,-0.5126440682492033,145.0,-6.337,0.8342808721690698,0.009283763924075723
-0.43663300064008587,-1.7736020228126588,1.3858529022542672,-1.520880762353639,0.24662441378629882,0.341158559419044,-1.3107675615590269,-0.9618405744333643,-0.20812727013821058,-0.2610080230276519,-0.5637303694620384,0.5019400960131165,-0.9804917852819289,1.1730489438460483,-0.5126440682492033,146.0,-6.337,0.8559661779509501,0.009622586751291934
-0.8646375340788572,-1.808420014546618,1.6996177169448925,-1.537300002299999,0.4265700463132081,-0.20606892850814745,1.4843175557112545,-0.6971402290420471,-0.9904364935144944,0.21578240522080624,-0.5187598893881309,0.7526769148960679,-1.0525512984068923,1.341281889241015,-0.5448489456268292,147.0,-6.337,0.7614056950648459,0.009590234284291397
-0.825728031038969,-1.8386965290978874,-3.1643631878350313,-1.5769798321703699,0.9204919172457282,0.8883860473462354,1.1008851266777735,-0.6830228772878434,0.6944283980608291,1.4872235472166944,1.4282953404784617,1.3970435784769866,-1.1876628855161988,1.4148569113958467,-0.5927753437888013,148.0,-6.337,0.34115357281166586,0.0023956471515491065
-1.098094552318187,0.9422013324361778,-0.11627266268678066,0.7230820303156009,-0.8335652805509794,-1.3005239043625287,-0.9295415851222856,-0.4006758422037717,1.628106675508112,-0.6273838257869934,-0.5071008760356362,-0.07745068224437053,0.842107228327986,-1.2631017897250514,-0.14332684541868787,149.0,-6.337,0.7608684540864198,0.019862483730059454
-1.098094552318187,0.9270630751605431,0.09290388044030291,0.720345490324541,-0.6954074812656977,0.8883860473462354,-1.036186793964718,-0.005389993086071177,1.4696643011534214,-0.7495090933734406,-0.49544186268314166,0.0971214577843511,0.842107228327986,-1.1903872941451297,-0.14332684541868787,150.0,-6.337,0.8072792493147911,0.017807914388422594
-1.1759135583979636,0.913438643612472,0.09901008192380312,0.7176089503334808,-0.6913834676942816,0.8883860473462354,-1.0367588372305394,0.3440144628304677,1.3296125595363293,-0.7495090933734406,-0.4854484226667178,0.09725626252568603,0.3734389105425791,-1.1740372892218338,-0.20403130783049223,151.0,-6.337,0.8240503958402161,0.01801044739542292
-0.5144520067198626,0.8316920543240456,0.06425170424849434,0.7066627903692406,-0.7180038651667259,-0.20606892850814745,-0.9999029068183273,2.51808663297782,0.45817950058553186,-0.7160501159524962,-0.4138287692156798,0.0329544009089291,0.4165057289336706,-0.24294753516887382,-0.21708640328357282,157.0,-6.337,0.7432282669818451,0.02357290359577793
-0.04753797024120306,0.8271505771413551,-0.09842376604270316,0.7052945203737107,-0.825207713902654,-2.39497888021691,-0.9142598578781976,2.638084122888551,0.4100809226564294,-0.6173461325607101,-0.41049762254353844,-0.10939940594074662,0.4165057289336706,-0.24294753516887382,-0.21708640328357282,158.0,-6.337,0.622734153583018,0.02330882944258457
0.3026475571177917,0.7983878883176495,0.23820016189384602,0.7011897103871205,-0.6045060464857624,-0.20606892850814745,-1.084401869226814,2.1404474735528742,0.14695340810310442,-0.7762762753101962,-0.38717959583854933,0.16775914224384927,-0.0994516443399933,-0.817133892277781,-0.30182332257717537,159.0,-6.337,0.662518109068075,0.02245031038543279
0.6139235814368981,0.7802219795868882,0.3409096022316955,0.6984531703960606,-0.5389868511562972,-2.39497888021691,-1.1328621058885477,1.6533988380328508,-0.048270231726781916,-0.7946787128917154,-0.3688582891417721,0.2471591348901173,0.15894926600655504,0.32241842454720265,-0.2814269002380124,160.0,-6.337,0.5408010033843447,0.014564953965542481
0.8862901027161164,0.777194328131761,0.12687941177157325,0.6984531703960606,-0.6804464051668433,-2.9422063681441015,-1.0201695825217167,1.5581067136919762,-0.08646616125871627,-0.7344525535340156,-0.36552714246963086,0.0609937871065925,0.15894926600655504,0.32241842454720265,-0.2814269002380124,161.0,-6.337,0.5314210884427474,0.018054112199934157
1.2753851331149992,0.777194328131761,0.12687941177157325,0.6984531703960606,-0.6804464051668433,-2.9422063681441015,-1.0201695825217167,1.5581067136919762,-0.08646616125871627,-0.7344525535340156,-0.36552714246963086,0.0609937871065925,0.15894926600655504,0.32241842454720265,-0.2814269002380124,162.0,-6.337,0.52911099595928,0.017655804479846653
-0.825728031038969,0.25946592930505996,-0.12410112612716552,0.09915091235391,1.5209985579031893,0.341158559419044,1.529917576043881,1.4663439272896528,-0.12324742673391222,0.6574409071772728,-0.6603336229541362,0.6642450045803604,2.0291188175778716,-0.4481831232849838,3.3321681149340403,125.0,-5.337,0.4272543293244345,0.010128700457055897
-1.098094552318187,0.24432767202942537,-0.11768178610604993,0.09641437236284994,1.497576735320845,0.341158559419044,1.528691769045692,1.123998147250216,-0.26046984023752795,0.6574409071772728,-0.6586680496180657,0.6655930519937096,2.0291188175778716,-0.4481831232849838,3.3321681149340403,126.0,-5.337,0.4186481520385071,0.010629878764654231
-1.370461073597405,0.22918941475379087,-0.15494527208228187,0.09504610236731989,1.4447486597166148,0.8883860473462354,1.5503476926803623,0.778123029272228,-0.3991069177978821,0.65911385604832,-0.657002476281995,0.629330576574616,2.0291188175778716,-0.4481831232849838,3.3321681149340403,127.0,-5.337,0.386789790081511,0.011542071059405868
-0.5533615097597508,0.1746916885615065,-0.06507451178666365,0.09230956237625984,1.4005876902662036,-0.20606892850814745,1.512592837136145,-0.45008657334348423,-0.8914100095428129,0.65911385604832,-0.647009036265571,0.6909363433646746,2.0291188175778716,0.3953480517708518,3.3321681149340403,128.0,-5.337,0.40134700219046077,0.010391668642763665
-0.39772349760019754,0.9422013324361778,-0.11627266268678066,0.7230820303156009,-0.8335652805509794,-1.3005239043625287,-0.9295415851222856,-0.4006758422037717,1.628106675508112,-0.6273838257869934,-0.5071008760356362,-0.07745068224437053,0.842107228327986,-1.2631017897250514,-0.14332684541868787,149.0,-5.337,0.7431059234945113,0.020137284322049233
-0.43663300064008587,0.9240354237054162,0.09415643459076448,0.720345490324541,-0.6945820425843815,0.8883860473462354,-1.036268514431264,0.06519676568494683,1.4413710200186554,-0.7495090933734406,-0.493776289347071,0.09725626252568603,0.842107228327986,-1.1740372892218338,-0.14332684541868787,150.0,-5.337,0.7858966878214094,0.01709214557100808
-0.5144520067198626,0.9058695149746548,0.29957531526646336,0.7176089503334808,-0.5594164585188707,0.341158559419044,-1.1398083455449515,0.5451867253278687,1.247562044245507,-0.8114082016021876,-0.4787861293224352,0.26711023660768546,0.2698533604254444,-1.171885972784558,-0.250988096781095,151.0,-5.337,0.8356042666848573,0.01543896349640605
-0.7868185279990806,0.8619685688753146,0.09446957312837992,0.7121358703513607,-0.6975742578041526,-0.20606892850814745,-1.0209867871871758,1.829865734960395,0.7340389916495018,-0.73779845127611,-0.4388123692567395,0.0716433616720512,0.1367121506281486,-0.04545668622695657,-0.2673329377727503,155.0,-5.337,0.8536453537080126,0.020423710423592315
-0.39772349760019754,0.8513717887823704,0.09932322046141856,0.7107676003558308,-0.6944788627492171,-0.20606892850814745,-1.0216405509195434,2.0769193906589583,0.6350125076778202,-0.73779845127611,-0.43048450257638626,0.07150855693071628,0.1367121506281486,-0.20981726203482676,-0.2673329377727503,156.0,-5.337,0.8096601535436345,0.0185772333404661
0.0302810358385736,0.8407750086894261,0.06049404179710957,0.7080310603647708,-0.7202738215403451,-0.20606892850814745,-0.9994125840190518,2.3275023842960714,0.5345713596494006,-0.7160501159524962,-0.42049106255996227,0.03335881513293386,0.4165057289336706,-0.20981726203482676,-0.21708640328357282,157.0,-5.337,0.671730027990465,0.027056253626184724
0.458285569277345,0.8286644028689187,0.06534768913014823,0.7066627903692406,-0.7171784264854096,-0.20606892850814745,-1.0000663477514191,2.5816147158717366,0.43271554756424235,-0.7160501159524962,-0.41216319587960903,0.03281959616759418,0.4165057289336706,-0.24294753516887382,-0.21708640328357282,158.0,-5.337,0.6160115467374336,0.025910156516207865
0.9251996057560047,0.8029293655003398,0.2984793303848095,0.7011897103871205,-0.5642659107716027,-0.7532964164353374,-1.11717177631173,2.267503639340706,0.19788131414568338,-0.7913328151496211,-0.3921763158467612,0.2219506482604872,0.06014891793287497,-0.817133892277781,-0.27065731221173106,159.0,-5.337,0.6078796964223717,0.016842783437168024
1.236475630075111,0.7938464111349592,0.2225432350130763,0.6998214403915906,-0.6152367493428718,0.341158559419044,-1.0750040155740326,2.0133913077650423,0.09602550206052546,-0.7712574286970546,-0.38218287583033733,0.1518521827663287,0.15894926600655504,-0.817133892277781,-0.2814269002380124,160.0,-5.337,0.5766928289093961,0.016401412917201756
0.26373805407790335,0.946742809618868,-0.11752521683724221,0.724450300311131,-0.8345970789026248,-1.3005239043625287,-0.9293781441891938,-0.5136146562374003,1.6733759253237377,-0.6273838257869934,-0.5104320227077775,-0.07691146327903087,0.8764480900516013,-1.2631017897250514,-0.16143776033105167,149.0,-4.337,0.6455382510885769,0.022276087951246224
0.22482855103801527,0.9210077722502894,0.09525241947241836,0.718977220329011,-0.6937566039030656,0.8883860473462354,-1.036431955364356,0.13578352445596467,1.4130777388838893,-0.7495090933734406,-0.4921107160110004,0.09725626252568603,0.3734389105425791,-1.1740372892218338,-0.20403130783049223,150.0,-4.337,0.7108438906282949,0.019541724457403313
0.1470095449582386,0.9013280377919644,0.3025501313738096,0.7162406803379509,-0.5577655811562383,0.341158559419044,-1.1400535069445892,0.6793015669928031,1.1952194741461897,-0.8114082016021876,-0.4754549826502938,0.26791906505569496,0.2698533604254444,-1.171885972784558,-0.250988096781095,151.0,-4.337,0.7373055135430817,0.01797807446870773
-0.5922710127996391,0.877106826150949,0.32149501289954097,0.7148724103424209,-0.5477571371452807,0.341158559419044,-1.1420965186082372,1.4804612790438567,0.8740907332665943,-0.8114082016021876,-0.4504713826092341,0.27304164522642194,-0.7491131923572416,-0.04545668622695657,-0.47427524659930076,154.0,-4.337,0.967682376856976,0.001660014973610141
-0.24208548544064445,0.8740791746958222,0.022604278745646803,0.7148724103424209,-0.744830622309499,-1.8477513922897202,-0.9856018251727904,1.5404600239992219,0.8500414443020431,-0.7043394738551657,-0.4488058092731635,0.014755760828714878,-0.7491131923572416,-0.04545668622695657,-0.47427524659930076,155.0,-4.337,0.8908049656409093,0.007351078431770632
0.1470095449582386,0.8589409174201877,0.09572212727884147,0.7121358703513607,-0.6967488191228364,-0.20606892850814745,-1.0211502281202678,1.8898644799157602,0.7099897026849507,-0.73779845127611,-0.4371467959206689,0.07150855693071628,0.1367121506281486,-0.04545668622695657,-0.2673329377727503,156.0,-4.337,0.7406634203757145,0.024029789302444142
0.5750140783970097,0.8483441373272436,0.10057577461188012,0.7093993303603008,-0.6937566039030656,-0.20606892850814745,-1.0218039918526352,2.1404474735528742,0.6095485546565308,-0.73779845127611,-0.42715335590424486,0.07137375218938136,0.1367121506281486,-0.20981726203482676,-0.2673329377727503,157.0,-4.337,0.6734544396822454,0.020392554569085918
0.9641091087958931,0.8377473572342993,0.06174659594757113,0.7080310603647708,-0.7195515626941936,-0.20606892850814745,-0.9995760249521436,2.391030467189988,0.509107406628111,-0.7160501159524962,-0.4188254892238917,0.03322401039159894,0.4165057289336706,-0.20981726203482676,-0.21708640328357282,158.0,-4.337,0.6019748944920293,0.022338659541547557
1.3921136422346643,0.8286644028689187,0.06534768913014823,0.7066627903692406,-0.7171784264854096,-0.20606892850814745,-1.0000663477514191,2.5816147158717366,0.43271554756424235,-0.7160501159524962,-0.41216319587960903,0.03281959616759418,0.4165057289336706,-0.24294753516887382,-0.21708640328357282,159.0,-4.337,0.5834118506354142,0.02172631874058085
-0.3588139945603092,0.024822941532724654,-0.9158719184876907,0.16072306215276105,-1.36339373412075,-0.20606892850814745,0.1589750292694388,-0.43596922158928064,-0.8857513533158596,0.2709897179653646,0.04087275153160832,-0.7010574156597114,-0.8557950496789648,2.0555189464165755,0.9684686310179297,121.0,-3.337,0.11402468506158477,0.0022336534926806787
-0.5533615097597508,0.052071804628866784,-0.9896160440961161,0.1867201920678315,2.288450171856831,0.8883860473462354,0.2075169863977184,-0.10068211742694541,-0.7513582679257205,0.319505235225734,0.0392071781955377,-0.777491703996611,-0.9771139956041963,1.8655577050051235,0.7811262798212031,122.0,-3.337,0.11788997845841098,0.0013773866706600184
0.10810004191835026,0.13230456818972988,-0.4552451296554453,-0.6917091450624441,1.2010378890580369,-0.20606892850814745,1.1123259919942028,-1.0324273332043823,-0.4797427690319655,0.8699054138002699,-0.7369499964133862,0.5074670904078482,-0.9213804659216075,1.2827660821471136,-0.27311596414056055,123.0,-3.337,0.30326048598373384,0.0020622082264300807
0.6917425875166747,0.25946592930505996,-0.12410112612716552,0.09915091235391,1.5209985579031893,0.341158559419044,1.529917576043881,1.4663439272896528,-0.12324742673391222,0.6574409071772728,-0.6603336229541362,0.6642450045803604,2.0291188175778716,-0.4481831232849838,3.3321681149340403,124.0,-3.337,0.29705066416630105,0.0063127033051181254
0.41937606623745666,0.24432767202942537,-0.11768178610604993,0.09641437236284994,1.497576735320845,0.341158559419044,1.528691769045692,1.123998147250216,-0.26046984023752795,0.6574409071772728,-0.6586680496180657,0.6655930519937096,2.0291188175778716,-0.4481831232849838,3.3321681149340403,125.0,-3.337,0.30627788355210805,0.008976850004342772
-0.825728031038969,0.1746916885615065,-0.06507451178666365,0.09230956237625984,1.4005876902662036,-0.20606892850814745,1.512592837136145,-0.45008657334348423,-0.8914100095428129,0.65911385604832,-0.647009036265571,0.6909363433646746,2.0291188175778716,0.3953480517708518,3.3321681149340403,130.0,-3.337,0.3951270075707233,0.010727884588742133
-1.1759135583979636,0.15652577983074503,0.3269749373078104,0.09094129238072984,1.6187098618039824,0.341158559419044,1.3136852215633625,-0.8983124915394481,-1.071072344748578,0.6306737252405172,-0.6436778895934298,1.0197251074805447,-1.8038280192292648,0.3953480517708518,-0.7926533569325177,131.0,-3.337,0.6652271863648368,0.007406244454660507
-1.5260990857569583,0.15198430264805476,0.3330811387913106,0.08957302238519979,1.6098363959798343,0.341158559419044,1.313358339697179,-1.0324273332043823,-1.1248295789046336,0.6306737252405172,-0.642012316257359,1.0208035454112243,-1.8038280192292648,0.3953480517708518,-0.7926533569325177,132.0,-3.337,0.6663281359605342,0.007497489066907828
-1.5650085887968466,0.9422013324361778,-0.11627266268678066,0.7230820303156009,-0.8335652805509794,-1.3005239043625287,-0.9295415851222856,-0.4006758422037717,1.628106675508112,-0.6273838257869934,-0.5071008760356362,-0.07745068224437053,0.842107228327986,-1.2631017897250514,-0.14332684541868787,149.0,-3.337,0.7608684540864198,0.019862483730059454
0.9251996057560047,0.9210077722502894,0.09525241947241836,0.718977220329011,-0.6937566039030656,0.8883860473462354,-1.036431955364356,0.13578352445596467,1.4130777388838893,-0.7495090933734406,-0.4921107160110004,0.09725626252568603,0.3734389105425791,-1.1740372892218338,-0.20403130783049223,150.0,-3.337,0.6556725948370383,0.015422845762774256
-0.7868185279990806,0.9164662950675988,0.09775752777334157,0.718977220329011,-0.6922089063755978,0.8883860473462354,-1.0366771167639937,0.2734277040594497,1.3579058406710953,-0.7495090933734406,-0.48711399600278843,0.09725626252568603,0.3734389105425791,-1.1740372892218338,-0.20403130783049223,151.0,-3.337,0.8195813020384181,0.01795524026681901
-0.4755425036799742,0.9013280377919644,0.3025501313738096,0.7162406803379509,-0.5577655811562383,0.341158559419044,-1.1400535069445892,0.6793015669928031,1.1952194741461897,-0.8114082016021876,-0.4754549826502938,0.26791906505569496,0.2698533604254444,-1.171885972784558,-0.250988096781095,152.0,-3.337,0.8311176740200434,0.0151101376446267
-0.20317598240075613,0.8907312576990202,0.3102220255453868,0.7162406803379509,-0.553638387749658,0.341158559419044,-1.1408707116100483,1.014588671155138,1.0608263887560505,-0.8114082016021876,-0.46546154263386996,0.2699411361757188,-0.6900018729969203,-0.5232640669459088,-0.47250917267859216,153.0,-3.337,0.9106876893645097,0.0031048797023707675
0.0302810358385736,0.8801344776060762,0.31820705825457934,0.7148724103424209,-0.549408014507913,0.341158559419044,-1.1417696367420533,1.3463464373789225,0.9278479674226499,-0.8114082016021876,-0.4538025292813753,0.2720980120370775,-0.6900018729969203,-0.04545668622695657,-0.47250917267859216,154.0,-3.337,0.8751756995347899,0.006231886223410975
0.3026475571177917,0.877106826150949,0.32149501289954097,0.7148724103424209,-0.5477571371452807,0.341158559419044,-1.1420965186082372,1.4804612790438567,0.8740907332665943,-0.8114082016021876,-0.4504713826092341,0.27304164522642194,-0.7491131923572416,-0.04545668622695657,-0.47427524659930076,155.0,-3.337,0.8464081863917652,0.009144052757255747
0.6917425875166747,0.8740791746958222,0.022604278745646803,0.7148724103424209,-0.744830622309499,-1.8477513922897202,-0.9856018251727904,1.5404600239992219,0.8500414443020431,-0.7043394738551657,-0.4488058092731635,0.014755760828714878,-0.7491131923572416,-0.04545668622695657,-0.47427524659930076,156.0,-3.337,0.7742768812336146,0.010257777269381601
1.119747120955446,0.8559132659650609,0.09681811216049535,0.7107676003558308,-0.6960265602766849,-0.20606892850814745,-1.0213136690533597,1.9533925628096769,0.6845257496636612,-0.73779845127611,-0.4338156492485275,0.07150855693071628,0.1367121506281486,-0.20981726203482676,-0.2673329377727503,157.0,-3.337,0.6620248831378137,0.01880150919432696
0.6139235814368981,0.13230456818972988,-0.4552451296554453,-0.6917091450624441,1.2010378890580369,-0.20606892850814745,1.1123259919942028,-1.0324273332043823,-0.4797427690319655,0.8699054138002699,-0.7369499964133862,0.5074670904078482,-0.9213804659216075,1.2827660821471136,-0.27311596414056055,121.0,-2.337,0.2633257825372407,0.0018020898332779638
0.6528330844767865,0.030878244442978476,-0.9121142560363059,0.16482787213935116,-1.3639096332965723,-0.20606892850814745,0.1589750292694388,-0.3689118007568136,-0.8588727362378319,0.2709897179653646,0.0392071781955377,-0.7003833919530368,-0.9771139956041963,2.0555189464165755,0.7811262798212031,122.0,-2.337,0.045062059337196404,0.0018061504306940053
0.7306520905565631,0.07023771335962825,-0.9767773640538849,0.20313943201419182,2.289481970208476,0.8883860473462354,0.2075169863977184,0.10754882094755748,-0.6678930885781603,0.319505235225734,0.03754160485946701,-0.7752000233939175,-0.9771139956041963,1.673014883868941,0.7811262798212031,123.0,-2.337,0.020340620403819586,0.0007685975431941175
0.38046656319756833,0.13230456818972988,-0.4552451296554453,-0.6917091450624441,1.2010378890580369,-0.20606892850814745,1.1123259919942028,-1.0324273332043823,-0.4797427690319655,0.8699054138002699,-0.7369499964133862,0.5074670904078482,-0.9213804659216075,1.2827660821471136,-0.27311596414056055,124.0,-2.337,0.28255812767112365,0.002230233586192012
0.0302810358385736,0.13230456818972988,-0.4552451296554453,-0.6917091450624441,1.2010378890580369,-0.20606892850814745,1.1123259919942028,-1.0324273332043823,-0.4797427690319655,0.8699054138002699,-0.7369499964133862,0.5074670904078482,-0.9213804659216075,1.2827660821471136,-0.27311596414056055,125.0,-2.337,0.31236336859916425,0.001958280842828883
-0.24208548544064445,0.2140511574781564,0.374728564294158,1.449633397942044,-0.8142706513752159,-0.20606892850814745,-0.6484231802043027,-1.0324273332043823,-1.1248295789046336,-1.3902485109845264,1.5265641673066301,-1.559628813221818,0.3039127396759152,-1.2138366433114358,-0.040998444718812345,130.0,-2.337,0.370478939718789,0.01672572223409502
-0.6700900188794158,0.15198430264805476,0.3330811387913106,0.08957302238519979,1.6098363959798343,0.341158559419044,1.313358339697179,-1.0324273332043823,-1.1248295789046336,0.6306737252405172,-0.642012316257359,1.0208035454112243,-1.8038280192292648,0.3953480517708518,-0.7926533569325177,131.0,-2.337,0.6704404999250555,0.007833414157816946
-0.8646375340788572,0.15198430264805476,0.3330811387913106,0.08957302238519979,1.6098363959798343,0.341158559419044,1.313358339697179,-1.0324273332043823,-1.1248295789046336,0.6306737252405172,-0.642012316257359,1.0208035454112243,-1.8038280192292648,0.3953480517708518,-0.7926533569325177,132.0,-2.337,0.6662070280582559,0.007498665787930131
-1.0591850492782986,0.9497704610739949,0.2245786355075764,0.7258185703066611,-0.6091491390681655,-0.7532964164353374,-1.1083459659247703,-0.5700840632542148,1.6960105502315508,-0.8030434572469517,-0.5120975960438483,0.2185805297271142,0.8764480900516013,-1.2631017897250514,-0.16143776033105167,149.0,-2.337,0.8139404461274514,0.013677507609629703
-0.5922710127996391,0.9422013324361778,-0.11627266268678066,0.7230820303156009,-0.8335652805509794,-1.3005239043625287,-0.9295415851222856,-0.4006758422037717,1.628106675508112,-0.6273838257869934,-0.5071008760356362,-0.07745068224437053,0.842107228327986,-1.2631017897250514,-0.14332684541868787,150.0,-2.337,0.7562237710570608,0.021445834655749927
-0.20317598240075613,0.9270630751605431,0.09290388044030291,0.720345490324541,-0.6954074812656977,0.8883860473462354,-1.036186793964718,-0.005389993086071177,1.4696643011534214,-0.7495090933734406,-0.49544186268314166,0.0971214577843511,0.842107228327986,-1.1903872941451297,-0.14332684541868787,151.0,-2.337,0.7459369050414612,0.017521673336058224
0.41937606623745666,0.8983003863368375,0.3056815167499636,0.7162406803379509,-0.5561147037936062,0.341158559419044,-1.1403803888107729,0.8134164086577371,1.1414622399901342,-0.8114082016021876,-0.47045826264208196,0.26872789350370446,0.2698533604254444,-1.171885972784558,-0.250988096781095,153.0,-2.337,0.7096209579940025,0.015523731982108938
0.6917425875166747,0.8877036062438933,0.3135099801903485,0.7148724103424209,-0.5518843305518613,0.341158559419044,-1.141197593476232,1.1451741748815212,1.0084838186567333,-0.8114082016021876,-0.46046482262565797,0.2708847693650633,-0.6900018729969203,0.7780672459622142,-0.47250917267859216,154.0,-2.337,0.8822705825529844,0.010421180393797433
0.9251996057560047,0.877106826150949,0.32149501289954097,0.7148724103424209,-0.5477571371452807,0.341158559419044,-1.1420965186082372,1.4804612790438567,0.8740907332665943,-0.8114082016021876,-0.4504713826092341,0.27304164522642194,-0.7491131923572416,-0.04545668622695657,-0.47427524659930076,155.0,-2.337,0.7930204203276313,0.006098958834077006
0.10810004191835026,0.08083449345257233,-0.968479192807077,0.21408559197843202,2.290204229054628,0.8883860473462354,0.20743526593117254,0.20284094528843172,-0.611306526308628,0.319505235225734,0.03754160485946701,-0.7735823664978985,-1.022714156253587,1.673014883868941,0.0417299983512393,121.0,-1.337,0.06506424588242492,0.0011527491539592232
-0.4755425036799742,0.13230456818972988,-0.4552451296554453,-0.6917091450624441,1.2010378890580369,-0.20606892850814745,1.1123259919942028,-1.0324273332043823,-0.4797427690319655,0.8699054138002699,-0.7369499964133862,0.5074670904078482,-0.9213804659216075,1.2827660821471136,-0.27311596414056055,122.0,-1.337,0.3783059382652783,0.0021755972038058928
-0.8646375340788572,0.13230456818972988,-0.4552451296554453,-0.6917091450624441,1.2010378890580369,-0.20606892850814745,1.1123259919942028,-1.0324273332043823,-0.4797427690319655,0.8699054138002699,-0.7369499964133862,0.5074670904078482,-0.9213804659216075,1.2827660821471136,-0.27311596414056055,123.0,-1.337,0.3815028899315474,0.0021549780749556694
-0.6700900188794158,0.13230456818972988,-0.4552451296554453,-0.6917091450624441,1.2010378890580369,-0.20606892850814745,1.1123259919942028,-1.0324273332043823,-0.4797427690319655,0.8699054138002699,-0.7369499964133862,0.5074670904078482,-0.9213804659216075,1.2827660821471136,-0.27311596414056055,124.0,-1.337,0.3767629913136576,0.0020903057829758783
-0.1642664793608678,0.13230456818972988,-0.4552451296554453,-0.6917091450624441,1.2010378890580369,-0.20606892850814745,1.1123259919942028,-1.0324273332043823,-0.4797427690319655,0.8699054138002699,-0.7369499964133862,0.5074670904078482,-0.9213804659216075,1.2827660821471136,-0.27311596414056055,125.0,-1.337,0.3318647529479909,0.0017267603330099787
-0.20317598240075613,0.2140511574781564,0.374728564294158,1.449633397942044,-0.8142706513752159,-0.20606892850814745,-0.6484231802043027,-1.0324273332043823,-1.1248295789046336,-1.3902485109845264,1.5265641673066301,-1.559628813221818,0.3039127396759152,-1.2138366433114358,-0.040998444718812345,129.0,-1.337,0.36449554540104157,0.016920072263626115
-0.708999521919304,0.2140511574781564,0.374728564294158,1.449633397942044,-0.8142706513752159,-0.20606892850814745,-0.6484231802043027,-1.0324273332043823,-1.1248295789046336,-1.3902485109845264,1.5265641673066301,-1.559628813221818,0.3039127396759152,-1.2138366433114358,-0.040998444718812345,130.0,-1.337,0.4156774206145985,0.015736538578779144
-0.43663300064008587,0.2140511574781564,0.374728564294158,1.449633397942044,-0.8142706513752159,-0.20606892850814745,-0.6484231802043027,-1.0324273332043823,-1.1248295789046336,-1.3902485109845264,1.5265641673066301,-1.559628813221818,0.3039127396759152,-1.2138366433114358,-0.040998444718812345,131.0,-1.337,0.40201695155210054,0.016245353746841627
-0.9424565401586338,0.2140511574781564,0.374728564294158,1.449633397942044,-0.8142706513752159,-0.20606892850814745,-0.6484231802043027,-1.0324273332043823,-1.1248295789046336,-1.3902485109845264,1.5265641673066301,-1.559628813221818,0.3039127396759152,-1.2138366433114358,-0.040998444718812345,132.0,-1.337,0.4271369359166277,0.015528584046421162
-0.4755425036799742,0.9527981125291217,0.22223009647546085,0.7258185703066611,-0.6105936567604686,-0.7532964164353374,-1.1081825249916784,-0.6936108911034962,1.7455237922173912,-0.8030434572469517,-0.5154287427159895,0.21804131076177452,0.8764480900516013,-1.2631017897250514,-0.16143776033105167,149.0,-1.337,0.8074512192619755,0.014320767956319768
-0.12535697632097947,0.946742809618868,-0.11752521683724221,0.724450300311131,-0.8345970789026248,-1.3005239043625287,-0.9293781441891938,-0.5136146562374003,1.6733759253237377,-0.6273838257869934,-0.5104320227077775,-0.07691146327903087,0.8764480900516013,-1.2631017897250514,-0.16143776033105167,150.0,-1.337,0.6848237530955991,0.025457712629128597
0.34155706015768,0.9316045523432336,0.09055534140818748,0.721713760320071,-0.6969551787931655,0.8883860473462354,-1.0359416325650803,-0.1430341726895562,1.5248361993662154,-0.7495090933734406,-0.5004385826913537,0.0971214577843511,0.842107228327986,-1.1903872941451297,-0.14332684541868787,151.0,-1.337,0.6819959389283536,0.01847515525535544
0.7306520905565631,0.9210077722502894,0.09525241947241836,0.718977220329011,-0.6937566039030656,0.8883860473462354,-1.036431955364356,0.13578352445596467,1.4130777388838893,-0.7495090933734406,-0.4921107160110004,0.09725626252568603,0.3734389105425791,-1.1740372892218338,-0.20403130783049223,152.0,-1.337,0.6641399930124795,0.01580250196970943
1.0419281148756692,0.9013280377919644,0.3025501313738096,0.7162406803379509,-0.5577655811562383,0.341158559419044,-1.1400535069445892,0.6793015669928031,1.1952194741461897,-0.8114082016021876,-0.4754549826502938,0.26791906505569496,0.2698533604254444,-1.171885972784558,-0.250988096781095,153.0,-1.337,0.6727998643501665,0.012879827432558463
1.3142946361548875,0.8907312576990202,0.3102220255453868,0.7162406803379509,-0.553638387749658,0.341158559419044,-1.1408707116100483,1.014588671155138,1.0608263887560505,-0.8114082016021876,-0.46546154263386996,0.2699411361757188,-0.6900018729969203,-0.5232640669459088,-0.47250917267859216,154.0,-1.337,0.7873139296017502,0.005985098772550975
-1.2537325644777404,0.13230456818972988,-0.4552451296554453,-0.6917091450624441,1.2010378890580369,-0.20606892850814745,1.1123259919942028,-1.0324273332043823,-0.4797427690319655,0.8699054138002699,-0.7369499964133862,0.5074670904078482,-0.9213804659216075,1.2827660821471136,-0.27311596414056055,123.0,-0.337,0.3821377669722389,0.0021153974731484043
-1.6039180918367348,0.1080833565487146,-0.45399257550498373,-0.694445685053504,1.1895849273547758,-0.20606892850814745,1.112244271527657,-0.9018418294779991,-0.5306706750745446,0.8699054138002699,-0.7252909830608916,0.5123200610959052,-0.9213804659216075,1.2827660821471136,-0.27311596414056055,124.0,-0.337,0.3779111063715732,0.0018723585688714384
-0.708999521919304,0.2110235060230294,0.3789559345519659,1.4441603179599236,-0.8111752563202804,-0.20606892850814745,-0.6484231802043027,-0.9688992503104661,-1.0993656258833442,-1.3902485109845264,1.5232330206344888,-1.5551802567577657,0.3039127396759152,-1.2138366433114358,-0.040998444718812345,125.0,-0.337,0.41117326445470814,0.015993569406461853
-0.2809949884805328,0.2110235060230294,0.3789559345519659,1.4441603179599236,-0.8111752563202804,-0.20606892850814745,-0.6484231802043027,-0.9688992503104661,-1.0993656258833442,-1.3902485109845264,1.5232330206344888,-1.5551802567577657,0.3039127396759152,-1.2138366433114358,-0.040998444718812345,129.0,-0.337,0.3679330357146388,0.017223816378983518
-0.24208548544064445,-0.8274609430854999,2.2317966616222558,-1.693282781790422,1.0647373268057163,-0.20606892850814745,0.7960677864614721,-1.0324273332043823,2.478319773607834,1.861964094331272,-1.2815924773084895,0.9542100031917736,0.3039127396759152,-1.2138366433114358,-0.040998444718812345,130.0,-0.337,0.40295269647231835,0.008527732380067822
0.10810004191835026,-0.8274609430854999,2.2317966616222558,-1.693282781790422,1.0647373268057163,-0.20606892850814745,0.7960677864614721,-1.0324273332043823,2.478319773607834,1.861964094331272,-1.2815924773084895,0.9542100031917736,0.3039127396759152,-1.2138366433114358,-0.040998444718812345,131.0,-0.337,0.35603755200837145,0.005905185578001963
-0.04753797024120306,0.2140511574781564,0.374728564294158,1.449633397942044,-0.8142706513752159,-0.20606892850814745,-0.6484231802043027,-1.0324273332043823,-1.1248295789046336,-1.3902485109845264,1.5265641673066301,-1.559628813221818,0.3039127396759152,-1.2138366433114358,-0.040998444718812345,132.0,-0.337,0.34873835091101146,0.01917453560427061
-0.6311805158395274,-1.847779483463268,-3.1654591727166848,-1.5797163721614298,0.9190473995534248,0.8883860473462354,1.1007216857446813,-0.5453786976843584,0.6392564998480353,1.4872235472166944,1.4282953404784617,1.4001440875276898,-1.1876628855161988,1.4148569113958467,-0.5927753437888013,149.0,-0.337,0.33272133037899587,0.0025321004739104237
0.22482855103801527,0.6772818301125734,-1.630610630594829,-1.6152913920452103,1.1416063040032778,0.341158559419044,0.9036119204359095,1.2016435818983358,-0.22934723098928525,1.882039480783839,-0.690313943003408,0.21965896765779352,1.9184962056321275,-1.0593721231150346,-0.25327360420789424,150.0,-0.337,0.31545520085977324,0.011246161902892099
0.847380599676228,0.946742809618868,-0.11752521683724221,0.724450300311131,-0.8345970789026248,-1.3005239043625287,-0.9293781441891938,-0.5136146562374003,1.6733759253237377,-0.6273838257869934,-0.5104320227077775,-0.07691146327903087,0.8764480900516013,-1.2631017897250514,-0.16143776033105167,151.0,-0.337,0.6026924632056782,0.01914717919163636
-1.0591850492782986,0.13230456818972988,-0.8385266996966881,0.2619750418219829,-1.3594729003844985,0.341158559419044,0.15464384454250477,-0.41126385601942433,-0.36656964449290097,0.259279075868034,0.03587603152339639,-0.6802974854941336,-0.9633213544201212,1.3806509800431614,-0.19499316482451343,124.0,0.663,0.2083718105660576,0.0019331748327253099
-1.642827594876623,0.0838621449076993,-0.646259637600836,-0.6985504950400941,1.0520462070804812,-0.7532964164353374,1.212515283979507,-0.7747856636901669,-0.5815985811171237,0.8130251521846643,-0.7119663963723263,0.3513631999420106,-0.9213804659216075,1.2827660821471136,-0.27311596414056055,125.0,0.663,0.3703178833916759,0.001989444411409315
-1.3315515705575167,0.19588524874739494,0.22082097305619164,1.411321838067203,-0.9138391923089703,0.341158559419044,-0.5550984074088561,-0.6406708220252327,-0.9678018686066815,-1.1476709246826795,1.4999149939294998,-1.6872889032659875,0.3039127396759152,-1.0729254166698718,-0.040998444718812345,126.0,0.663,0.40985131209455083,0.013761625717918013
-1.0202755462384105,0.18831612010957768,0.22896257503419182,1.396270868116373,-0.9076484021990994,0.341158559419044,-0.5550984074088561,-0.5030266424217477,-0.9126299703938875,-1.1476709246826795,1.4899215539130757,-1.6785265950792174,0.3039127396759152,-1.0729254166698718,-0.040998444718812345,128.0,0.663,0.414343908592846,0.013052448854962675
-0.9424565401586338,-0.8274609430854999,2.2317966616222558,-1.693282781790422,1.0647373268057163,-0.20606892850814745,0.7960677864614721,-1.0324273332043823,2.478319773607834,1.861964094331272,-1.2815924773084895,0.9542100031917736,0.3039127396759152,-1.2138366433114358,-0.040998444718812345,129.0,0.663,0.4449454731315397,0.010288379750044412
-0.8646375340788572,-0.8274609430854999,2.2317966616222558,-1.693282781790422,1.0647373268057163,-0.20606892850814745,0.7960677864614721,-1.0324273332043823,2.478319773607834,1.861964094331272,-1.2815924773084895,0.9542100031917736,0.3039127396759152,-1.2138366433114358,-0.040998444718812345,130.0,0.663,0.4433980960687494,0.010787339123589312
-0.20317598240075613,-0.8274609430854999,2.2317966616222558,-1.693282781790422,1.0647373268057163,-0.20606892850814745,0.7960677864614721,-1.0324273332043823,2.478319773607834,1.861964094331272,-1.2815924773084895,0.9542100031917736,0.3039127396759152,-1.2138366433114358,-0.040998444718812345,131.0,0.663,0.39483498126492633,0.007767130392048923
-0.39772349760019754,-1.8689730436491563,-3.1682774195552237,-1.58792599213461,0.9154361053226671,0.8883860473462354,1.100313083411952,-0.19950357970637048,0.5006194222876812,1.4872235472166944,1.4299609138145324,1.407962762525115,-0.844254268280045,0.5003322939099101,-0.4765607540261,149.0,0.663,0.28988326881504656,0.003268986404384719
0.26373805407790335,0.6757680043850097,-1.4574450192935156,-1.6166596620407403,1.254485043673254,0.8883860473462354,0.8121667183710192,0.9934126435238327,-0.3128124103368453,1.9874352596598137,-0.6953106630116199,0.36956184002222486,1.9184962056321275,-1.0593721231150346,-0.25327360420789424,150.0,0.663,0.3167071305113771,0.012825078020229424
0.9251996057560047,0.6772818301125734,-1.456192465143054,-1.6152913920452103,1.256239100871051,0.8883860473462354,0.8121667183710192,1.1345861610658687,-0.256225848067313,1.9874352596598137,-0.6919795163394786,0.3702358637288994,1.9184962056321275,-1.0593721231150346,-0.25327360420789424,151.0,0.663,0.28358697404571814,0.009668672729036765
0.34155706015768,-2.8226832520141323,0.9867578360634468,0.1525134421795809,-0.7208929005513323,0.8883860473462354,0.6185709331237226,-0.005389993086071177,-0.3241297227907518,-0.09538608479397694,2.4875999822193964,1.4409899241521704,-0.6964759698792411,0.3374776396081332,-0.21213447052550777,124.0,1.663,0.37067992078595446,0.004480070104802215
-1.642827594876623,0.16712255992368924,-0.8231829113535339,0.2934452517191734,-1.3620523962636113,0.341158559419044,0.15448040360941306,-0.8136083810142267,-0.20529794202473403,0.259279075868034,0.0342104581873257,-0.6763881479954209,-0.9213804659216075,1.2827660821471136,-0.27311596414056055,125.0,1.663,0.22254867923315955,0.0022745796528388486
-1.214823061437852,0.17771934001663348,0.24164468580761533,1.3730102781923625,-0.8982590371991288,0.341158559419044,-0.5550984074088561,-0.2983250419857957,-0.8305794551030657,-1.1476709246826795,1.4749313938884399,-1.6649113162043907,0.3039127396759152,-1.0729254166698718,-0.040998444718812345,126.0,1.663,0.4302233540350122,0.013448846679190154
-1.5650085887968466,0.17317786283394307,0.2460286253342309,1.3661689282147125,-0.8950604623090288,0.341158559419044,-0.5550984074088561,-0.22773828321477768,-0.8022861739682995,-1.1476709246826795,1.469934673880228,-1.6601931502576686,0.3039127396759152,-1.0729254166698718,-0.040998444718812345,127.0,1.663,0.4323624689024338,0.013439954015880865
-1.1370040553580754,0.17317786283394307,0.2460286253342309,1.3661689282147125,-0.8950604623090288,0.341158559419044,-0.5550984074088561,-0.22773828321477768,-0.8022861739682995,-1.1476709246826795,1.469934673880228,-1.6601931502576686,0.3039127396759152,-1.0729254166698718,-0.040998444718812345,128.0,1.663,0.4323624689024338,0.013439954015880865
-1.48718958271707,-0.8274609430854999,2.2317966616222558,-1.693282781790422,1.0647373268057163,-0.20606892850814745,0.7960677864614721,-1.0324273332043823,2.478319773607834,1.861964094331272,-1.2815924773084895,0.9542100031917736,0.3039127396759152,-1.2138366433114358,-0.040998444718812345,129.0,1.663,0.44422237987285185,0.010133358381891673
-1.0202755462384105,-0.8274609430854999,2.2317966616222558,-1.693282781790422,1.0647373268057163,-0.20606892850814745,0.7960677864614721,-1.0324273332043823,2.478319773607834,1.861964094331272,-1.2815924773084895,0.9542100031917736,0.3039127396759152,-1.2138366433114358,-0.040998444718812345,130.0,1.663,0.44422237987285185,0.010133358381891673
-0.3199044915204211,-0.8274609430854999,2.2317966616222558,-1.693282781790422,1.0647373268057163,-0.20606892850814745,0.7960677864614721,-1.0324273332043823,2.478319773607834,1.861964094331272,-1.2815924773084895,0.9542100031917736,0.3039127396759152,-1.2138366433114358,-0.040998444718812345,131.0,1.663,0.40983830792605336,0.009230491159847948
-0.2809949884805328,0.6727403529298829,-1.4607329739384773,-1.6193962020318005,1.2501514905963447,0.8883860473462354,0.8121667183710192,0.6440081876072938,-0.45286415195393775,1.9874352596598137,-0.700307383019832,0.36794418312620575,1.7816957236839543,-0.9614872252189862,-0.33610593397916416,149.0,1.663,0.45465210030334324,0.009243322048928377
0.38046656319756833,0.6727403529298829,-1.4601066968632466,-1.6180279320362703,1.250976929277661,0.8883860473462354,0.8121667183710192,0.7145949463783119,-0.4245708708191716,1.9874352596598137,-0.700307383019832,0.3682137926088756,1.7816957236839543,-0.9614872252189862,-0.33610593397916416,150.0,1.663,0.3813056845236066,0.007852877539627722
1.0419281148756692,0.6727403529298829,-1.4601066968632466,-1.6180279320362703,1.250976929277661,0.8883860473462354,0.8121667183710192,0.7145949463783119,-0.4245708708191716,1.9874352596598137,-0.700307383019832,0.3682137926088756,1.7816957236839543,-0.9614872252189862,-0.33610593397916416,151.0,1.663,0.3550183871113694,0.00682164960023098
0.458285569277345,-2.8665841981134723,1.3816255319964594,0.1525134421795809,-0.507929720771779,-0.20606892850814745,0.44466978031399357,0.10754882094755748,-0.6678930885781603,-0.13386390882806304,2.552557342326152,1.789729789985609,-0.9298249401159391,1.267061472155,-0.32550949045491306,123.0,2.663,0.46323538266097974,0.007031117133807538
-0.008628467201314733,-2.828738554924386,1.0085209644277167,0.1525134421795809,-0.7225437779139644,0.8883860473462354,0.6183257717240848,0.26989836612089874,-0.43447351921633975,-0.09538608479397694,2.499258995571891,1.4632327064724322,-0.8932322186071686,1.3563411043019453,-0.3445553856782402,124.0,2.663,0.5568526619958102,0.005269802192104334
-0.5533615097597508,-2.8257109034692593,0.9977176848799857,0.1525134421795809,-0.7217183392326482,0.8883860473462354,0.6184074921906306,0.13225418651741386,-0.37930162100354575,-0.09538608479397694,2.4925967022276083,1.452178717682969,-0.8932322186071686,0.3374776396081332,-0.3445553856782402,125.0,2.663,0.5649815420488467,0.006990928397300358
-1.214823061437852,-1.4435880142038258,1.2404000515319165,-1.7439087716250325,-0.23646357445394744,0.341158559419044,-1.05138680074226,0.12519551064031206,-0.5575492921525725,-1.438764028244896,-0.5387467694209788,-0.7959599535594952,0.3039127396759152,-1.0729254166698718,-0.040998444718812345,126.0,2.663,0.6135228802715164,0.011665526146845209
-1.6817370979165114,0.15652577983074503,0.26810489223611617,1.3292256383354015,-0.8784485088475426,0.341158559419044,-0.5550984074088561,0.11460749682465927,-0.6650637604646839,-1.1476709246826795,1.4449510738391682,-1.6363327110413874,0.3039127396759152,-1.0729254166698718,-0.040998444718812345,127.0,2.663,0.4343963945807042,0.013751957264396075
-1.2537325644777404,0.15652577983074503,0.26810489223611617,1.3292256383354015,-0.8784485088475426,0.341158559419044,-0.5550984074088561,0.11460749682465927,-0.6650637604646839,-1.1476709246826795,1.4449510738391682,-1.6363327110413874,0.3039127396759152,-1.0729254166698718,-0.040998444718812345,128.0,2.663,0.4343963945807042,0.013751957264396075
-1.6039180918367348,-0.7805323455310329,2.201891931279985,-1.6577077619066412,1.0893973074100347,-0.20606892850814745,0.7960677864614721,-0.6442001599637837,2.321292063309882,1.861964094331272,-1.2666023172838534,0.9679600868079355,0.3039127396759152,-1.0729254166698718,-0.040998444718812345,129.0,2.663,0.43315868395761115,0.009982537732728032
-0.9035470371187455,-0.7881014741688501,2.2081547020322936,-1.6631808418887613,1.0852701140034542,-0.20606892850814745,0.7960677864614721,-0.7077282428576996,2.34817068038791,1.861964094331272,-1.2699334639559947,0.9656684062052419,0.3039127396759152,-1.0729254166698718,-0.040998444718812345,130.0,2.663,0.43408762980873217,0.010219464127170345
-0.1642664793608678,0.669712701474756,-1.4643340671210543,-1.6221327420228606,1.2458179375194354,0.8883860473462354,0.8121667183710192,0.29813306962930597,-0.5915012295142918,1.9874352596598137,-0.7069696763641145,0.3664613309715216,1.4315315270923352,-0.9496549848139693,-0.42814955125844306,149.0,2.663,0.4696718870523884,0.0065625186128614316
0.4971950723172333,0.6712265272023195,-1.4635512207770158,-1.6207644720273304,1.2467465560359157,0.8883860473462354,0.8121667183710192,0.365190490461773,-0.564622612436264,1.9874352596598137,-0.7053041030280439,0.3667309404541915,1.4315315270923352,-0.9496549848139693,-0.42814955125844306,150.0,2.663,0.40696091467176715,0.005129718391766091
1.1586566239953342,0.6712265272023195,-1.4629249437017848,-1.6207644720273304,1.247571994717232,0.8883860473462354,0.8121667183710192,0.435777249232791,-0.5363293313014978,1.9874352596598137,-0.7036385296919733,0.3670005499368613,1.4315315270923352,-0.9496549848139693,-0.42814955125844306,151.0,2.663,0.39237215719898527,0.004926035796492107
0.3026475571177917,-0.41570034518824045,-0.6284107409567585,-0.5535138755139115,0.2571487569730791,-0.20606892850814745,-0.17419931283829856,-0.7783150016287177,-1.0229737668194754,0.1572291947341535,-0.21562554222327213,-0.11681366671416722,-1.1364330754039202,1.386889797711261,-0.2606149310939767,122.0,3.663,0.030362262966669884,0.0009582842334627461
-0.04753797024120306,-2.881722455389107,1.3160230083660343,0.1525134421795809,-0.5607577963760093,-0.20606892850814745,0.4852848521873184,-0.08303542773419098,-0.744284947642029,-0.1288450622149214,2.5742097956950705,1.7347294555209616,-0.9143434040929977,1.267061472155,-0.25001848756972567,123.0,3.663,0.45365209441700116,0.0045472735818683835
-0.4755425036799742,-2.8665841981134723,1.3816255319964594,0.1525134421795809,-0.507929720771779,-0.20606892850814745,0.44466978031399357,0.10754882094755748,-0.6678930885781603,-0.13386390882806304,2.552557342326152,1.789729789985609,-0.9298249401159391,1.267061472155,-0.32550949045491306,124.0,3.663,0.5823852940035145,0.007097183940974213
-0.9424565401586338,-2.831766206379513,1.0193242439754477,0.1525134421795809,-0.7232660367601159,0.8883860473462354,0.6181623307909928,0.4075425457243838,-0.4896454174291337,-0.09538608479397694,2.505921288916174,1.4742866952618958,-1.0151141294786887,1.3563411043019453,-0.3547362823976187,125.0,3.663,0.6338712517531506,0.0031475427404385635
-1.2537325644777404,-1.4420741884762622,1.234920127123647,-1.7398039616384426,-0.2402812283550343,0.341158559419044,-1.05138680074226,0.1887235935342281,-0.5844279092306003,-1.438764028244896,-0.5354156227488374,-0.8013521432128919,0.3039127396759152,-1.0729254166698718,-0.040998444718812345,127.0,3.663,0.612116939199481,0.011814704118291818
-1.1759135583979636,-0.727548445066312,-2.959570584234563,-1.645393331946871,1.3651970068047758,-0.20606892850814745,0.6036160877458181,-0.19244490382926865,2.1402150640473794,2.064390907727986,2.177803341710255,1.3030846737665471,0.3039127396759152,-1.0729254166698718,-0.040998444718812345,128.0,3.663,0.11035148932102343,0.00831658981250516
-1.3315515705575167,-0.7502558309797638,-3.034410694724643,-1.646761601942401,1.350751829881744,-0.20606892850814745,0.6036978082123642,-0.3830291525110172,2.2180215871679856,2.064390907727986,-1.2632711706117123,1.2954008035104565,0.3039127396759152,-1.0729254166698718,-0.040998444718812345,129.0,3.663,0.24843531515892225,0.009123322455470347
-0.7479090249591923,-0.7653940882553983,-3.069482210937567,-1.649498141933461,1.3411561052114445,-0.20606892850814745,0.6036160877458181,-0.5136146562374003,2.270364157267303,2.064390907727986,-1.2632711706117123,1.2902782233397296,0.3039127396759152,-1.0729254166698718,-0.040998444718812345,130.0,3.663,0.23808693780458218,0.010111796617154572
-0.04753797024120306,0.6666850500196292,-1.4679351603036312,-1.6235010120183906,1.24158756427769,0.8883860473462354,0.8121667183710192,-0.0512713862872328,-0.7315529711313842,1.9874352596598137,-0.7119663963723263,0.3651132835581724,1.50753179484132,-1.014624741219698,-0.42856509806331566,149.0,3.663,0.4547977139051098,0.007389050838349384
0.6139235814368981,0.6681988757471926,-1.467152313959593,-1.6235010120183906,1.2425161827941706,0.8883860473462354,0.8121667183710192,0.015786034545234227,-0.7046743540533563,1.9874352596598137,-0.7119663963723263,0.36538289304084226,1.50753179484132,-1.014624741219698,-0.42856509806331566,150.0,3.663,0.3934513142584987,0.005505355515398717
1.2753851331149992,0.6681988757471926,-1.467152313959593,-1.6235010120183906,1.2425161827941706,0.8883860473462354,0.8121667183710192,0.015786034545234227,-0.7046743540533563,1.9874352596598137,-0.7119663963723263,0.36538289304084226,1.50753179484132,-1.014624741219698,-0.42856509806331566,151.0,3.663,0.38518058939919186,0.005296034122704903
-0.6700900188794158,-0.4202418223709309,-0.6306027107200662,-0.5535138755139115,0.25704557713791454,-0.20606892850814745,-0.17436275377139027,-0.8418430845226339,-1.048437719840765,0.1572291947341535,-0.21229439555113075,-0.11816171412751643,-1.1364330754039202,1.386889797711261,-0.2606149310939767,121.0,4.663,0.12780582218052944,0.0011519012571884171
-0.24208548544064445,-0.4051035650952963,-0.6221479702044507,-0.5548821455094416,0.25766465614890166,-0.20606892850814745,-0.17379071050556882,-0.5877307529469692,-0.9465819077556069,0.1572291947341535,-0.22895012891183736,-0.11290432921545455,-1.1364330754039202,1.2995463503578641,-0.2606149310939767,122.0,4.663,0.09074861204065625,0.0010263853567381708
-0.5533615097597508,-2.902916015574995,1.3332456279348808,0.1525134421795809,-0.5622023140683124,-0.20606892850814745,0.48479452938804285,-0.3336184213713047,-0.8447260956704488,-0.1288450622149214,2.604190115744342,1.7511756339638218,-0.8763432702185053,1.1874627639757962,-0.27225024163040934,123.0,4.663,0.5227952815496114,0.004763534768531813
-1.0202755462384105,-2.881722455389107,1.3160230083660343,0.1525134421795809,-0.5607577963760093,-0.20606892850814745,0.4852848521873184,-0.08303542773419098,-0.744284947642029,-0.1288450622149214,2.5742097956950705,1.7347294555209616,-0.9143434040929977,1.267061472155,-0.25001848756972567,124.0,4.663,0.5286578611281579,0.0032407042326762733
-1.0591850492782986,-0.6881889761496621,-2.9179231587317163,-1.6426567919558108,1.1999029108712271,0.8883860473462354,0.7574957262517955,0.1993116073498809,1.9846020178061652,1.9757246175624832,-1.2632711706117123,1.0647498910864082,0.3039127396759152,-1.0729254166698718,-0.040998444718812345,127.0,4.663,0.26292508784979335,0.00922454122730692
-1.5260990857569583,-0.6942442790599159,-2.700135305820209,1.2416563586214802,1.3893410882332717,-0.20606892850814745,0.6036160877458181,0.13225418651741386,2.0114806348841934,2.064390907727986,2.177803341710255,1.3158911241933646,0.3039127396759152,-1.0729254166698718,-0.040998444718812345,128.0,4.663,0.14117372034428513,0.007989404950794561
-0.9813660431985222,-0.7139240135182409,-2.884887043013292,-1.645393331946871,1.37489591131024,-0.20606892850814745,0.6036160877458181,-0.061859400102885584,2.0892871580047996,2.064390907727986,2.177803341710255,1.308207253937274,0.3039127396759152,-1.0729254166698718,-0.040998444718812345,129.0,4.663,0.11166620923640957,0.00825425827705501
0.06919053887846194,0.6651712242920658,-1.471692822755016,-1.6262375520094505,1.2374603708711098,0.8883860473462354,0.8120849979044734,-0.4006758422037717,-0.8716047127484766,1.9874352596598137,-0.7169631163805384,0.36376523614482326,1.1599009405080003,-1.00644973875805,-0.44781876668907905,149.0,4.663,0.4187038419438701,0.005356768067725176
0.7306520905565631,0.6651712242920658,-1.4709099764109776,-1.6262375520094505,1.2382858095524256,0.8883860473462354,0.8120849979044734,-0.3300890834327537,-0.8433114316137105,1.9874352596598137,-0.7169631163805384,0.36403484562749305,1.1599009405080003,-1.00644973875805,-0.44781876668907905,150.0,4.663,0.3756099290157003,0.003971659387398781
1.3921136422346643,0.6651712242920658,-1.4701271300669392,-1.6248692820139206,1.2391112482337419,0.8883860473462354,0.8120849979044734,-0.26303166260028665,-0.8164328145356827,1.9874352596598137,-0.7152975430444679,0.36430445511016296,1.1599009405080003,-1.00644973875805,-0.44781876668907905,151.0,4.663,0.3782789726810243,0.004833563871000458
