lon,lat,include
90.0,-59.99999999999994,0.0
91.0,-59.99999999999994,0.0
92.0,-59.99999999999994,0.0
93.0,-59.99999999999994,0.0
94.0,-59.99999999999994,0.0
95.0,-59.99999999999994,0.0
96.0,-59.99999999999994,0.0
97.0,-59.99999999999994,0.0
98.0,-59.99999999999994,0.0
99.0,-59.99999999999994,0.0
100.0,-59.99999999999994,0.0
101.0,-59.99999999999994,0.0
102.0,-59.99999999999994,0.0
103.0,-59.99999999999994,0.0
104.0,-59.99999999999994,0.0
105.0,-59.99999999999994,0.0
106.0,-59.99999999999994,0.0
107.0,-59.99999999999994,0.0
108.0,-59.99999999999994,0.0
109.0,-59.99999999999994,0.0
110.0,-59.99999999999994,0.0
111.0,-59.99999999999994,0.0
112.0,-59.99999999999994,0.0
113.0,-59.99999999999994,0.0
114.0,-59.99999999999994,0.0
115.0,-59.99999999999994,0.0
116.0,-59.99999999999994,0.0
117.0,-59.99999999999994,0.0
118.0,-59.99999999999994,0.0
119.0,-59.99999999999994,0.0
120.0,-59.99999999999994,0.0
121.0,-59.99999999999994,0.0
122.0,-59.99999999999994,0.0
123.0,-59.99999999999994,0.0
124.0,-59.99999999999994,0.0
125.0,-59.99999999999994,0.0
126.0,-59.99999999999994,0.0
127.0,-59.99999999999994,0.0
128.0,-59.99999999999994,0.0
129.0,-59.99999999999994,0.0
130.0,-59.99999999999994,0.0
131.0,-59.99999999999994,0.0
132.0,-59.99999999999994,0.0
133.0,-59.99999999999994,0.0
134.0,-59.99999999999994,0.0
135.0,-59.99999999999994,0.0
136.0,-59.99999999999994,0.0
137.0,-59.99999999999994,0.0
138.0,-59.99999999999994,0.0
139.0,-59.99999999999994,0.0
140.0,-59.99999999999994,0.0
141.0,-59.99999999999994,0.0
142.0,-59.99999999999994,0.0
143.0,-59.99999999999994,0.0
144.0,-59.99999999999994,0.0
145.0,-59.99999999999994,0.0
146.0,-59.99999999999994,0.0
147.0,-59.99999999999994,0.0
148.0,-59.99999999999994,0.0
149.0,-59.99999999999994,0.0
150.0,-59.99999999999994,0.0
151.0,-59.99999999999994,0.0
152.0,-59.99999999999994,0.0
153.0,-59.99999999999994,0.0
154.0,-59.99999999999994,0.0
155.0,-59.99999999999994,0.0
156.0,-59.99999999999994,0.0
157.0,-59.99999999999994,0.0
158.0,-59.99999999999994,0.0
159.0,-59.99999999999994,0.0
160.0,-59.99999999999994,0.0
161.0,-59.99999999999994,0.0
162.0,-59.99999999999994,0.0
163.0,-59.99999999999994,0.0
164.0,-59.99999999999994,0.0
165.0,-59.99999999999994,0.0
166.0,-59.99999999999994,0.0
167.0,-59.99999999999994,0.0
90.0,-58.99999999999994,0.0
91.0,-58.99999999999994,0.0
92.0,-58.99999999999994,0.0
93.0,-58.99999999999994,0.0
94.0,-58.99999999999994,0.0
95.0,-58.99999999999994,0.0
96.0,-58.99999999999994,0.0
97.0,-58.99999999999994,0.0
98.0,-58.99999999999994,0.0
99.0,-58.99999999999994,0.0
100.0,-58.99999999999994,0.0
101.0,-58.99999999999994,0.0
102.0,-58.99999999999994,0.0
103.0,-58.99999999999994,0.0
104.0,-58.99999999999994,0.0
105.0,-58.99999999999994,0.0
106.0,-58.99999999999994,0.0
107.0,-58.99999999999994,0.0
108.0,-58.99999999999994,0.0
109.0,-58.99999999999994,0.0
110.0,-58.99999999999994,0.0
111.0,-58.99999999999994,0.0
112.0,-58.99999999999994,0.0
113.0,-58.99999999999994,0.0
114.0,-58.99999999999994,0.0
115.0,-58.99999999999994,0.0
116.0,-58.99999999999994,0.0
117.0,-58.99999999999994,0.0
118.0,-58.99999999999994,0.0
119.0,-58.99999999999994,0.0
120.0,-58.99999999999994,0.0
121.0,-58.99999999999994,0.0
122.0,-58.99999999999994,0.0
123.0,-58.99999999999994,0.0
124.0,-58.99999999999994,0.0
125.0,-58.99999999999994,0.0
126.0,-58.99999999999994,0.0
127.0,-58.99999999999994,0.0
128.0,-58.99999999999994,0.0
129.0,-58.99999999999994,0.0
130.0,-58.99999999999994,0.0
131.0,-58.99999999999994,0.0
132.0,-58.99999999999994,0.0
133.0,-58.99999999999994,0.0
134.0,-58.99999999999994,0.0
135.0,-58.99999999999994,0.0
136.0,-58.99999999999994,0.0
137.0,-58.99999999999994,0.0
138.0,-58.99999999999994,0.0
139.0,-58.99999999999994,0.0
140.0,-58.99999999999994,0.0
141.0,-58.99999999999994,0.0
142.0,-58.99999999999994,0.0
143.0,-58.99999999999994,0.0
144.0,-58.99999999999994,0.0
145.0,-58.99999999999994,0.0
146.0,-58.99999999999994,0.0
147.0,-58.99999999999994,0.0
148.0,-58.99999999999994,0.0
149.0,-58.99999999999994,0.0
150.0,-58.99999999999994,0.0
151.0,-58.99999999999994,0.0
152.0,-58.99999999999994,0.0
153.0,-58.99999999999994,0.0
154.0,-58.99999999999994,0.0
155.0,-58.99999999999994,0.0
156.0,-58.99999999999994,0.0
157.0,-58.99999999999994,0.0
158.0,-58.99999999999994,0.0
159.0,-58.99999999999994,0.0
160.0,-58.99999999999994,0.0
161.0,-58.99999999999994,0.0
162.0,-58.99999999999994,0.0
163.0,-58.99999999999994,0.0
164.0,-58.99999999999994,1.0
165.0,-58.99999999999994,1.0
166.0,-58.99999999999994,1.0
167.0,-58.99999999999994,0.0
90.0,-57.99999999999994,0.0
91.0,-57.99999999999994,0.0
92.0,-57.99999999999994,0.0
93.0,-57.99999999999994,0.0
94.0,-57.99999999999994,0.0
95.0,-57.99999999999994,0.0
96.0,-57.99999999999994,0.0
97.0,-57.99999999999994,0.0
98.0,-57.99999999999994,0.0
99.0,-57.99999999999994,0.0
100.0,-57.99999999999994,0.0
101.0,-57.99999999999994,0.0
102.0,-57.99999999999994,0.0
103.0,-57.99999999999994,0.0
104.0,-57.99999999999994,0.0
105.0,-57.99999999999994,0.0
106.0,-57.99999999999994,0.0
107.0,-57.99999999999994,0.0
108.0,-57.99999999999994,0.0
109.0,-57.99999999999994,0.0
110.0,-57.99999999999994,0.0
111.0,-57.99999999999994,0.0
112.0,-57.99999999999994,0.0
113.0,-57.99999999999994,0.0
114.0,-57.99999999999994,0.0
115.0,-57.99999999999994,0.0
116.0,-57.99999999999994,0.0
117.0,-57.99999999999994,0.0
118.0,-57.99999999999994,0.0
119.0,-57.99999999999994,0.0
120.0,-57.99999999999994,0.0
121.0,-57.99999999999994,0.0
122.0,-57.99999999999994,0.0
123.0,-57.99999999999994,0.0
124.0,-57.99999999999994,0.0
125.0,-57.99999999999994,0.0
126.0,-57.99999999999994,0.0
127.0,-57.99999999999994,0.0
128.0,-57.99999999999994,0.0
129.0,-57.99999999999994,0.0
130.0,-57.99999999999994,0.0
131.0,-57.99999999999994,0.0
132.0,-57.99999999999994,0.0
133.0,-57.99999999999994,0.0
134.0,-57.99999999999994,0.0
135.0,-57.99999999999994,0.0
136.0,-57.99999999999994,0.0
137.0,-57.99999999999994,0.0
138.0,-57.99999999999994,0.0
139.0,-57.99999999999994,0.0
140.0,-57.99999999999994,0.0
141.0,-57.99999999999994,0.0
142.0,-57.99999999999994,0.0
143.0,-57.99999999999994,0.0
144.0,-57.99999999999994,0.0
145.0,-57.99999999999994,0.0
146.0,-57.99999999999994,0.0
147.0,-57.99999999999994,0.0
148.0,-57.99999999999994,0.0
149.0,-57.99999999999994,0.0
150.0,-57.99999999999994,0.0
151.0,-57.99999999999994,0.0
152.0,-57.99999999999994,0.0
153.0,-57.99999999999994,0.0
154.0,-57.99999999999994,0.0
155.0,-57.99999999999994,0.0
156.0,-57.99999999999994,0.0
157.0,-57.99999999999994,0.0
158.0,-57.99999999999994,0.0
159.0,-57.99999999999994,0.0
160.0,-57.99999999999994,0.0
161.0,-57.99999999999994,0.0
162.0,-57.99999999999994,0.0
163.0,-57.99999999999994,0.0
164.0,-57.99999999999994,1.0
165.0,-57.99999999999994,1.0
166.0,-57.99999999999994,1.0
167.0,-57.99999999999994,0.0
90.0,-56.99999999999994,0.0
91.0,-56.99999999999994,0.0
92.0,-56.99999999999994,0.0
93.0,-56.99999999999994,0.0
94.0,-56.99999999999994,0.0
95.0,-56.99999999999994,0.0
96.0,-56.99999999999994,0.0
97.0,-56.99999999999994,0.0
98.0,-56.99999999999994,0.0
99.0,-56.99999999999994,0.0
100.0,-56.99999999999994,0.0
101.0,-56.99999999999994,0.0
102.0,-56.99999999999994,0.0
103.0,-56.99999999999994,0.0
104.0,-56.99999999999994,0.0
105.0,-56.99999999999994,0.0
106.0,-56.99999999999994,0.0
107.0,-56.99999999999994,0.0
108.0,-56.99999999999994,0.0
109.0,-56.99999999999994,0.0
110.0,-56.99999999999994,0.0
111.0,-56.99999999999994,0.0
112.0,-56.99999999999994,0.0
113.0,-56.99999999999994,0.0
114.0,-56.99999999999994,0.0
115.0,-56.99999999999994,0.0
116.0,-56.99999999999994,0.0
117.0,-56.99999999999994,0.0
118.0,-56.99999999999994,0.0
119.0,-56.99999999999994,0.0
120.0,-56.99999999999994,0.0
121.0,-56.99999999999994,0.0
122.0,-56.99999999999994,0.0
123.0,-56.99999999999994,0.0
124.0,-56.99999999999994,0.0
125.0,-56.99999999999994,0.0
126.0,-56.99999999999994,0.0
127.0,-56.99999999999994,0.0
128.0,-56.99999999999994,0.0
129.0,-56.99999999999994,0.0
130.0,-56.99999999999994,0.0
131.0,-56.99999999999994,0.0
132.0,-56.99999999999994,0.0
133.0,-56.99999999999994,0.0
134.0,-56.99999999999994,0.0
135.0,-56.99999999999994,0.0
136.0,-56.99999999999994,0.0
137.0,-56.99999999999994,0.0
138.0,-56.99999999999994,0.0
139.0,-56.99999999999994,0.0
140.0,-56.99999999999994,0.0
141.0,-56.99999999999994,0.0
142.0,-56.99999999999994,0.0
143.0,-56.99999999999994,0.0
144.0,-56.99999999999994,0.0
145.0,-56.99999999999994,0.0
146.0,-56.99999999999994,0.0
147.0,-56.99999999999994,0.0
148.0,-56.99999999999994,0.0
149.0,-56.99999999999994,0.0
150.0,-56.99999999999994,0.0
151.0,-56.99999999999994,0.0
152.0,-56.99999999999994,0.0
153.0,-56.99999999999994,0.0
154.0,-56.99999999999994,0.0
155.0,-56.99999999999994,0.0
156.0,-56.99999999999994,0.0
157.0,-56.99999999999994,0.0
158.0,-56.99999999999994,0.0
159.0,-56.99999999999994,0.0
160.0,-56.99999999999994,0.0
161.0,-56.99999999999994,0.0
162.0,-56.99999999999994,0.0
163.0,-56.99999999999994,0.0
164.0,-56.99999999999994,1.0
165.0,-56.99999999999994,1.0
166.0,-56.99999999999994,1.0
167.0,-56.99999999999994,1.0
90.0,-55.99999999999994,0.0
91.0,-55.99999999999994,0.0
92.0,-55.99999999999994,0.0
93.0,-55.99999999999994,0.0
94.0,-55.99999999999994,0.0
95.0,-55.99999999999994,0.0
96.0,-55.99999999999994,0.0
97.0,-55.99999999999994,0.0
98.0,-55.99999999999994,0.0
99.0,-55.99999999999994,0.0
100.0,-55.99999999999994,0.0
101.0,-55.99999999999994,0.0
102.0,-55.99999999999994,0.0
103.0,-55.99999999999994,0.0
104.0,-55.99999999999994,0.0
105.0,-55.99999999999994,0.0
106.0,-55.99999999999994,0.0
107.0,-55.99999999999994,0.0
108.0,-55.99999999999994,0.0
109.0,-55.99999999999994,0.0
110.0,-55.99999999999994,0.0
111.0,-55.99999999999994,0.0
112.0,-55.99999999999994,0.0
113.0,-55.99999999999994,0.0
114.0,-55.99999999999994,0.0
115.0,-55.99999999999994,0.0
116.0,-55.99999999999994,0.0
117.0,-55.99999999999994,0.0
118.0,-55.99999999999994,0.0
119.0,-55.99999999999994,0.0
120.0,-55.99999999999994,0.0
121.0,-55.99999999999994,0.0
122.0,-55.99999999999994,0.0
123.0,-55.99999999999994,0.0
124.0,-55.99999999999994,0.0
125.0,-55.99999999999994,0.0
126.0,-55.99999999999994,0.0
127.0,-55.99999999999994,0.0
128.0,-55.99999999999994,0.0
129.0,-55.99999999999994,0.0
130.0,-55.99999999999994,0.0
131.0,-55.99999999999994,0.0
132.0,-55.99999999999994,0.0
133.0,-55.99999999999994,0.0
134.0,-55.99999999999994,0.0
135.0,-55.99999999999994,0.0
136.0,-55.99999999999994,0.0
137.0,-55.99999999999994,0.0
138.0,-55.99999999999994,0.0
139.0,-55.99999999999994,0.0
140.0,-55.99999999999994,0.0
141.0,-55.99999999999994,0.0
142.0,-55.99999999999994,0.0
143.0,-55.99999999999994,0.0
144.0,-55.99999999999994,0.0
145.0,-55.99999999999994,0.0
146.0,-55.99999999999994,0.0
147.0,-55.99999999999994,0.0
148.0,-55.99999999999994,0.0
149.0,-55.99999999999994,0.0
150.0,-55.99999999999994,0.0
151.0,-55.99999999999994,0.0
152.0,-55.99999999999994,0.0
153.0,-55.99999999999994,0.0
154.0,-55.99999999999994,0.0
155.0,-55.99999999999994,0.0
156.0,-55.99999999999994,0.0
157.0,-55.99999999999994,0.0
158.0,-55.99999999999994,0.0
159.0,-55.99999999999994,0.0
160.0,-55.99999999999994,0.0
161.0,-55.99999999999994,0.0
162.0,-55.99999999999994,0.0
163.0,-55.99999999999994,0.0
164.0,-55.99999999999994,1.0
165.0,-55.99999999999994,1.0
166.0,-55.99999999999994,1.0
167.0,-55.99999999999994,1.0
90.0,-54.99999999999994,0.0
91.0,-54.99999999999994,0.0
92.0,-54.99999999999994,0.0
93.0,-54.99999999999994,0.0
94.0,-54.99999999999994,0.0
95.0,-54.99999999999994,0.0
96.0,-54.99999999999994,0.0
97.0,-54.99999999999994,0.0
98.0,-54.99999999999994,0.0
99.0,-54.99999999999994,0.0
100.0,-54.99999999999994,0.0
101.0,-54.99999999999994,0.0
102.0,-54.99999999999994,0.0
103.0,-54.99999999999994,0.0
104.0,-54.99999999999994,0.0
105.0,-54.99999999999994,0.0
106.0,-54.99999999999994,0.0
107.0,-54.99999999999994,0.0
108.0,-54.99999999999994,0.0
109.0,-54.99999999999994,0.0
110.0,-54.99999999999994,0.0
111.0,-54.99999999999994,0.0
112.0,-54.99999999999994,0.0
113.0,-54.99999999999994,0.0
114.0,-54.99999999999994,0.0
115.0,-54.99999999999994,0.0
116.0,-54.99999999999994,0.0
117.0,-54.99999999999994,0.0
118.0,-54.99999999999994,0.0
119.0,-54.99999999999994,0.0
120.0,-54.99999999999994,0.0
121.0,-54.99999999999994,0.0
122.0,-54.99999999999994,0.0
123.0,-54.99999999999994,0.0
124.0,-54.99999999999994,0.0
125.0,-54.99999999999994,0.0
126.0,-54.99999999999994,0.0
127.0,-54.99999999999994,0.0
128.0,-54.99999999999994,0.0
129.0,-54.99999999999994,0.0
130.0,-54.99999999999994,0.0
131.0,-54.99999999999994,0.0
132.0,-54.99999999999994,0.0
133.0,-54.99999999999994,0.0
134.0,-54.99999999999994,0.0
135.0,-54.99999999999994,0.0
136.0,-54.99999999999994,0.0
137.0,-54.99999999999994,0.0
138.0,-54.99999999999994,0.0
139.0,-54.99999999999994,0.0
140.0,-54.99999999999994,0.0
141.0,-54.99999999999994,0.0
142.0,-54.99999999999994,0.0
143.0,-54.99999999999994,0.0
144.0,-54.99999999999994,0.0
145.0,-54.99999999999994,0.0
146.0,-54.99999999999994,0.0
147.0,-54.99999999999994,0.0
148.0,-54.99999999999994,0.0
149.0,-54.99999999999994,0.0
150.0,-54.99999999999994,0.0
151.0,-54.99999999999994,0.0
152.0,-54.99999999999994,0.0
153.0,-54.99999999999994,0.0
154.0,-54.99999999999994,0.0
155.0,-54.99999999999994,0.0
156.0,-54.99999999999994,0.0
157.0,-54.99999999999994,0.0
158.0,-54.99999999999994,0.0
159.0,-54.99999999999994,0.0
160.0,-54.99999999999994,0.0
161.0,-54.99999999999994,0.0
162.0,-54.99999999999994,0.0
163.0,-54.99999999999994,1.0
164.0,-54.99999999999994,1.0
165.0,-54.99999999999994,1.0
166.0,-54.99999999999994,1.0
167.0,-54.99999999999994,1.0
90.0,-53.99999999999994,0.0
91.0,-53.99999999999994,0.0
92.0,-53.99999999999994,0.0
93.0,-53.99999999999994,0.0
94.0,-53.99999999999994,0.0
95.0,-53.99999999999994,0.0
96.0,-53.99999999999994,0.0
97.0,-53.99999999999994,0.0
98.0,-53.99999999999994,0.0
99.0,-53.99999999999994,0.0
100.0,-53.99999999999994,0.0
101.0,-53.99999999999994,0.0
102.0,-53.99999999999994,0.0
103.0,-53.99999999999994,0.0
104.0,-53.99999999999994,0.0
105.0,-53.99999999999994,0.0
106.0,-53.99999999999994,0.0
107.0,-53.99999999999994,0.0
108.0,-53.99999999999994,0.0
109.0,-53.99999999999994,0.0
110.0,-53.99999999999994,0.0
111.0,-53.99999999999994,0.0
112.0,-53.99999999999994,0.0
113.0,-53.99999999999994,0.0
114.0,-53.99999999999994,0.0
115.0,-53.99999999999994,0.0
116.0,-53.99999999999994,0.0
117.0,-53.99999999999994,0.0
118.0,-53.99999999999994,0.0
119.0,-53.99999999999994,0.0
120.0,-53.99999999999994,0.0
121.0,-53.99999999999994,0.0
122.0,-53.99999999999994,0.0
123.0,-53.99999999999994,0.0
124.0,-53.99999999999994,0.0
125.0,-53.99999999999994,0.0
126.0,-53.99999999999994,0.0
127.0,-53.99999999999994,0.0
128.0,-53.99999999999994,0.0
129.0,-53.99999999999994,0.0
130.0,-53.99999999999994,0.0
131.0,-53.99999999999994,0.0
132.0,-53.99999999999994,0.0
133.0,-53.99999999999994,0.0
134.0,-53.99999999999994,0.0
135.0,-53.99999999999994,0.0
136.0,-53.99999999999994,0.0
137.0,-53.99999999999994,0.0
138.0,-53.99999999999994,0.0
139.0,-53.99999999999994,0.0
140.0,-53.99999999999994,0.0
141.0,-53.99999999999994,0.0
142.0,-53.99999999999994,0.0
143.0,-53.99999999999994,0.0
144.0,-53.99999999999994,0.0
145.0,-53.99999999999994,0.0
146.0,-53.99999999999994,0.0
147.0,-53.99999999999994,0.0
148.0,-53.99999999999994,0.0
149.0,-53.99999999999994,0.0
150.0,-53.99999999999994,0.0
151.0,-53.99999999999994,0.0
152.0,-53.99999999999994,0.0
153.0,-53.99999999999994,0.0
154.0,-53.99999999999994,0.0
155.0,-53.99999999999994,0.0
156.0,-53.99999999999994,0.0
157.0,-53.99999999999994,0.0
158.0,-53.99999999999994,0.0
159.0,-53.99999999999994,0.0
160.0,-53.99999999999994,0.0
161.0,-53.99999999999994,0.0
162.0,-53.99999999999994,1.0
163.0,-53.99999999999994,1.0
164.0,-53.99999999999994,1.0
165.0,-53.99999999999994,1.0
166.0,-53.99999999999994,1.0
167.0,-53.99999999999994,0.0
90.0,-52.99999999999994,0.0
91.0,-52.99999999999994,0.0
92.0,-52.99999999999994,0.0
93.0,-52.99999999999994,0.0
94.0,-52.99999999999994,0.0
95.0,-52.99999999999994,0.0
96.0,-52.99999999999994,0.0
97.0,-52.99999999999994,0.0
98.0,-52.99999999999994,0.0
99.0,-52.99999999999994,0.0
100.0,-52.99999999999994,0.0
101.0,-52.99999999999994,0.0
102.0,-52.99999999999994,0.0
103.0,-52.99999999999994,0.0
104.0,-52.99999999999994,0.0
105.0,-52.99999999999994,0.0
106.0,-52.99999999999994,0.0
107.0,-52.99999999999994,0.0
108.0,-52.99999999999994,0.0
109.0,-52.99999999999994,0.0
110.0,-52.99999999999994,0.0
111.0,-52.99999999999994,0.0
112.0,-52.99999999999994,0.0
113.0,-52.99999999999994,0.0
114.0,-52.99999999999994,0.0
115.0,-52.99999999999994,0.0
116.0,-52.99999999999994,0.0
117.0,-52.99999999999994,0.0
118.0,-52.99999999999994,0.0
119.0,-52.99999999999994,0.0
120.0,-52.99999999999994,0.0
121.0,-52.99999999999994,0.0
122.0,-52.99999999999994,0.0
123.0,-52.99999999999994,0.0
124.0,-52.99999999999994,0.0
125.0,-52.99999999999994,0.0
126.0,-52.99999999999994,0.0
127.0,-52.99999999999994,0.0
128.0,-52.99999999999994,0.0
129.0,-52.99999999999994,0.0
130.0,-52.99999999999994,0.0
131.0,-52.99999999999994,0.0
132.0,-52.99999999999994,0.0
133.0,-52.99999999999994,0.0
134.0,-52.99999999999994,0.0
135.0,-52.99999999999994,0.0
136.0,-52.99999999999994,0.0
137.0,-52.99999999999994,0.0
138.0,-52.99999999999994,0.0
139.0,-52.99999999999994,0.0
140.0,-52.99999999999994,0.0
141.0,-52.99999999999994,0.0
142.0,-52.99999999999994,0.0
143.0,-52.99999999999994,0.0
144.0,-52.99999999999994,0.0
145.0,-52.99999999999994,0.0
146.0,-52.99999999999994,0.0
147.0,-52.99999999999994,0.0
148.0,-52.99999999999994,0.0
149.0,-52.99999999999994,0.0
150.0,-52.99999999999994,0.0
151.0,-52.99999999999994,0.0
152.0,-52.99999999999994,0.0
153.0,-52.99999999999994,0.0
154.0,-52.99999999999994,0.0
155.0,-52.99999999999994,0.0
156.0,-52.99999999999994,0.0
157.0,-52.99999999999994,0.0
158.0,-52.99999999999994,0.0
159.0,-52.99999999999994,0.0
160.0,-52.99999999999994,0.0
161.0,-52.99999999999994,1.0
162.0,-52.99999999999994,1.0
163.0,-52.99999999999994,1.0
164.0,-52.99999999999994,1.0
165.0,-52.99999999999994,0.0
166.0,-52.99999999999994,0.0
167.0,-52.99999999999994,0.0
90.0,-51.99999999999994,0.0
91.0,-51.99999999999994,0.0
92.0,-51.99999999999994,0.0
93.0,-51.99999999999994,0.0
94.0,-51.99999999999994,0.0
95.0,-51.99999999999994,0.0
96.0,-51.99999999999994,0.0
97.0,-51.99999999999994,0.0
98.0,-51.99999999999994,0.0
99.0,-51.99999999999994,0.0
100.0,-51.99999999999994,0.0
101.0,-51.99999999999994,0.0
102.0,-51.99999999999994,0.0
103.0,-51.99999999999994,0.0
104.0,-51.99999999999994,0.0
105.0,-51.99999999999994,0.0
106.0,-51.99999999999994,0.0
107.0,-51.99999999999994,0.0
108.0,-51.99999999999994,0.0
109.0,-51.99999999999994,0.0
110.0,-51.99999999999994,0.0
111.0,-51.99999999999994,0.0
112.0,-51.99999999999994,0.0
113.0,-51.99999999999994,0.0
114.0,-51.99999999999994,0.0
115.0,-51.99999999999994,0.0
116.0,-51.99999999999994,0.0
117.0,-51.99999999999994,0.0
118.0,-51.99999999999994,0.0
119.0,-51.99999999999994,0.0
120.0,-51.99999999999994,0.0
121.0,-51.99999999999994,0.0
122.0,-51.99999999999994,0.0
123.0,-51.99999999999994,0.0
124.0,-51.99999999999994,0.0
125.0,-51.99999999999994,0.0
126.0,-51.99999999999994,0.0
127.0,-51.99999999999994,0.0
128.0,-51.99999999999994,0.0
129.0,-51.99999999999994,0.0
130.0,-51.99999999999994,0.0
131.0,-51.99999999999994,0.0
132.0,-51.99999999999994,0.0
133.0,-51.99999999999994,0.0
134.0,-51.99999999999994,0.0
135.0,-51.99999999999994,0.0
136.0,-51.99999999999994,0.0
137.0,-51.99999999999994,0.0
138.0,-51.99999999999994,0.0
139.0,-51.99999999999994,0.0
140.0,-51.99999999999994,0.0
141.0,-51.99999999999994,0.0
142.0,-51.99999999999994,0.0
143.0,-51.99999999999994,0.0
144.0,-51.99999999999994,0.0
145.0,-51.99999999999994,0.0
146.0,-51.99999999999994,0.0
147.0,-51.99999999999994,0.0
148.0,-51.99999999999994,0.0
149.0,-51.99999999999994,0.0
150.0,-51.99999999999994,0.0
151.0,-51.99999999999994,0.0
152.0,-51.99999999999994,0.0
153.0,-51.99999999999994,0.0
154.0,-51.99999999999994,0.0
155.0,-51.99999999999994,0.0
156.0,-51.99999999999994,0.0
157.0,-51.99999999999994,0.0
158.0,-51.99999999999994,0.0
159.0,-51.99999999999994,0.0
160.0,-51.99999999999994,0.0
161.0,-51.99999999999994,1.0
162.0,-51.99999999999994,1.0
163.0,-51.99999999999994,1.0
164.0,-51.99999999999994,0.0
165.0,-51.99999999999994,0.0
166.0,-51.99999999999994,0.0
167.0,-51.99999999999994,0.0
90.0,-50.99999999999994,0.0
91.0,-50.99999999999994,0.0
92.0,-50.99999999999994,0.0
93.0,-50.99999999999994,0.0
94.0,-50.99999999999994,0.0
95.0,-50.99999999999994,0.0
96.0,-50.99999999999994,0.0
97.0,-50.99999999999994,0.0
98.0,-50.99999999999994,0.0
99.0,-50.99999999999994,0.0
100.0,-50.99999999999994,0.0
101.0,-50.99999999999994,0.0
102.0,-50.99999999999994,0.0
103.0,-50.99999999999994,0.0
104.0,-50.99999999999994,0.0
105.0,-50.99999999999994,0.0
106.0,-50.99999999999994,0.0
107.0,-50.99999999999994,0.0
108.0,-50.99999999999994,0.0
109.0,-50.99999999999994,0.0
110.0,-50.99999999999994,0.0
111.0,-50.99999999999994,0.0
112.0,-50.99999999999994,0.0
113.0,-50.99999999999994,0.0
114.0,-50.99999999999994,0.0
115.0,-50.99999999999994,0.0
116.0,-50.99999999999994,0.0
117.0,-50.99999999999994,0.0
118.0,-50.99999999999994,0.0
119.0,-50.99999999999994,0.0
120.0,-50.99999999999994,0.0
121.0,-50.99999999999994,0.0
122.0,-50.99999999999994,0.0
123.0,-50.99999999999994,0.0
124.0,-50.99999999999994,0.0
125.0,-50.99999999999994,0.0
126.0,-50.99999999999994,0.0
127.0,-50.99999999999994,0.0
128.0,-50.99999999999994,0.0
129.0,-50.99999999999994,0.0
130.0,-50.99999999999994,0.0
131.0,-50.99999999999994,0.0
132.0,-50.99999999999994,0.0
133.0,-50.99999999999994,0.0
134.0,-50.99999999999994,0.0
135.0,-50.99999999999994,0.0
136.0,-50.99999999999994,0.0
137.0,-50.99999999999994,0.0
138.0,-50.99999999999994,0.0
139.0,-50.99999999999994,0.0
140.0,-50.99999999999994,0.0
141.0,-50.99999999999994,0.0
142.0,-50.99999999999994,0.0
143.0,-50.99999999999994,0.0
144.0,-50.99999999999994,0.0
145.0,-50.99999999999994,0.0
146.0,-50.99999999999994,0.0
147.0,-50.99999999999994,0.0
148.0,-50.99999999999994,0.0
149.0,-50.99999999999994,0.0
150.0,-50.99999999999994,0.0
151.0,-50.99999999999994,0.0
152.0,-50.99999999999994,0.0
153.0,-50.99999999999994,0.0
154.0,-50.99999999999994,0.0
155.0,-50.99999999999994,0.0
156.0,-50.99999999999994,0.0
157.0,-50.99999999999994,0.0
158.0,-50.99999999999994,0.0
159.0,-50.99999999999994,1.0
160.0,-50.99999999999994,1.0
161.0,-50.99999999999994,1.0
162.0,-50.99999999999994,1.0
163.0,-50.99999999999994,1.0
164.0,-50.99999999999994,0.0
165.0,-50.99999999999994,0.0
166.0,-50.99999999999994,0.0
167.0,-50.99999999999994,0.0
90.0,-49.99999999999994,0.0
91.0,-49.99999999999994,0.0
92.0,-49.99999999999994,0.0
93.0,-49.99999999999994,0.0
94.0,-49.99999999999994,0.0
95.0,-49.99999999999994,0.0
96.0,-49.99999999999994,0.0
97.0,-49.99999999999994,0.0
98.0,-49.99999999999994,0.0
99.0,-49.99999999999994,0.0
100.0,-49.99999999999994,0.0
101.0,-49.99999999999994,0.0
102.0,-49.99999999999994,0.0
103.0,-49.99999999999994,0.0
104.0,-49.99999999999994,0.0
105.0,-49.99999999999994,0.0
106.0,-49.99999999999994,0.0
107.0,-49.99999999999994,0.0
108.0,-49.99999999999994,0.0
109.0,-49.99999999999994,0.0
110.0,-49.99999999999994,0.0
111.0,-49.99999999999994,0.0
112.0,-49.99999999999994,0.0
113.0,-49.99999999999994,0.0
114.0,-49.99999999999994,0.0
115.0,-49.99999999999994,0.0
116.0,-49.99999999999994,0.0
117.0,-49.99999999999994,0.0
118.0,-49.99999999999994,0.0
119.0,-49.99999999999994,0.0
120.0,-49.99999999999994,0.0
121.0,-49.99999999999994,0.0
122.0,-49.99999999999994,0.0
123.0,-49.99999999999994,0.0
124.0,-49.99999999999994,0.0
125.0,-49.99999999999994,0.0
126.0,-49.99999999999994,0.0
127.0,-49.99999999999994,0.0
128.0,-49.99999999999994,0.0
129.0,-49.99999999999994,0.0
130.0,-49.99999999999994,0.0
131.0,-49.99999999999994,0.0
132.0,-49.99999999999994,0.0
133.0,-49.99999999999994,0.0
134.0,-49.99999999999994,0.0
135.0,-49.99999999999994,0.0
136.0,-49.99999999999994,0.0
137.0,-49.99999999999994,0.0
138.0,-49.99999999999994,0.0
139.0,-49.99999999999994,0.0
140.0,-49.99999999999994,0.0
141.0,-49.99999999999994,0.0
142.0,-49.99999999999994,0.0
143.0,-49.99999999999994,0.0
144.0,-49.99999999999994,0.0
145.0,-49.99999999999994,0.0
146.0,-49.99999999999994,0.0
147.0,-49.99999999999994,0.0
148.0,-49.99999999999994,0.0
149.0,-49.99999999999994,0.0
150.0,-49.99999999999994,0.0
151.0,-49.99999999999994,0.0
152.0,-49.99999999999994,0.0
153.0,-49.99999999999994,0.0
154.0,-49.99999999999994,0.0
155.0,-49.99999999999994,0.0
156.0,-49.99999999999994,0.0
157.0,-49.99999999999994,1.0
158.0,-49.99999999999994,1.0
159.0,-49.99999999999994,1.0
160.0,-49.99999999999994,1.0
161.0,-49.99999999999994,1.0
162.0,-49.99999999999994,1.0
163.0,-49.99999999999994,0.0
164.0,-49.99999999999994,0.0
165.0,-49.99999999999994,0.0
166.0,-49.99999999999994,0.0
167.0,-49.99999999999994,0.0
90.0,-48.99999999999994,0.0
91.0,-48.99999999999994,0.0
92.0,-48.99999999999994,0.0
93.0,-48.99999999999994,0.0
94.0,-48.99999999999994,0.0
95.0,-48.99999999999994,0.0
96.0,-48.99999999999994,0.0
97.0,-48.99999999999994,0.0
98.0,-48.99999999999994,0.0
99.0,-48.99999999999994,0.0
100.0,-48.99999999999994,0.0
101.0,-48.99999999999994,0.0
102.0,-48.99999999999994,0.0
103.0,-48.99999999999994,0.0
104.0,-48.99999999999994,0.0
105.0,-48.99999999999994,0.0
106.0,-48.99999999999994,0.0
107.0,-48.99999999999994,0.0
108.0,-48.99999999999994,0.0
109.0,-48.99999999999994,0.0
110.0,-48.99999999999994,0.0
111.0,-48.99999999999994,0.0
112.0,-48.99999999999994,0.0
113.0,-48.99999999999994,0.0
114.0,-48.99999999999994,0.0
115.0,-48.99999999999994,0.0
116.0,-48.99999999999994,0.0
117.0,-48.99999999999994,0.0
118.0,-48.99999999999994,0.0
119.0,-48.99999999999994,0.0
120.0,-48.99999999999994,0.0
121.0,-48.99999999999994,0.0
122.0,-48.99999999999994,0.0
123.0,-48.99999999999994,0.0
124.0,-48.99999999999994,0.0
125.0,-48.99999999999994,0.0
126.0,-48.99999999999994,0.0
127.0,-48.99999999999994,0.0
128.0,-48.99999999999994,0.0
129.0,-48.99999999999994,0.0
130.0,-48.99999999999994,0.0
131.0,-48.99999999999994,0.0
132.0,-48.99999999999994,0.0
133.0,-48.99999999999994,0.0
134.0,-48.99999999999994,0.0
135.0,-48.99999999999994,0.0
136.0,-48.99999999999994,0.0
137.0,-48.99999999999994,0.0
138.0,-48.99999999999994,0.0
139.0,-48.99999999999994,0.0
140.0,-48.99999999999994,0.0
141.0,-48.99999999999994,0.0
142.0,-48.99999999999994,0.0
143.0,-48.99999999999994,0.0
144.0,-48.99999999999994,0.0
145.0,-48.99999999999994,0.0
146.0,-48.99999999999994,0.0
147.0,-48.99999999999994,0.0
148.0,-48.99999999999994,0.0
149.0,-48.99999999999994,0.0
150.0,-48.99999999999994,0.0
151.0,-48.99999999999994,0.0
152.0,-48.99999999999994,0.0
153.0,-48.99999999999994,0.0
154.0,-48.99999999999994,0.0
155.0,-48.99999999999994,0.0
156.0,-48.99999999999994,1.0
157.0,-48.99999999999994,1.0
158.0,-48.99999999999994,1.0
159.0,-48.99999999999994,1.0
160.0,-48.99999999999994,1.0
161.0,-48.99999999999994,1.0
162.0,-48.99999999999994,0.0
163.0,-48.99999999999994,0.0
164.0,-48.99999999999994,0.0
165.0,-48.99999999999994,0.0
166.0,-48.99999999999994,0.0
167.0,-48.99999999999994,0.0
90.0,-47.99999999999994,0.0
91.0,-47.99999999999994,0.0
92.0,-47.99999999999994,0.0
93.0,-47.99999999999994,0.0
94.0,-47.99999999999994,0.0
95.0,-47.99999999999994,0.0
96.0,-47.99999999999994,0.0
97.0,-47.99999999999994,0.0
98.0,-47.99999999999994,0.0
99.0,-47.99999999999994,0.0
100.0,-47.99999999999994,0.0
101.0,-47.99999999999994,0.0
102.0,-47.99999999999994,0.0
103.0,-47.99999999999994,0.0
104.0,-47.99999999999994,0.0
105.0,-47.99999999999994,0.0
106.0,-47.99999999999994,0.0
107.0,-47.99999999999994,0.0
108.0,-47.99999999999994,0.0
109.0,-47.99999999999994,0.0
110.0,-47.99999999999994,0.0
111.0,-47.99999999999994,0.0
112.0,-47.99999999999994,0.0
113.0,-47.99999999999994,0.0
114.0,-47.99999999999994,0.0
115.0,-47.99999999999994,0.0
116.0,-47.99999999999994,0.0
117.0,-47.99999999999994,0.0
118.0,-47.99999999999994,0.0
119.0,-47.99999999999994,0.0
120.0,-47.99999999999994,0.0
121.0,-47.99999999999994,0.0
122.0,-47.99999999999994,0.0
123.0,-47.99999999999994,0.0
124.0,-47.99999999999994,0.0
125.0,-47.99999999999994,0.0
126.0,-47.99999999999994,0.0
127.0,-47.99999999999994,0.0
128.0,-47.99999999999994,0.0
129.0,-47.99999999999994,0.0
130.0,-47.99999999999994,0.0
131.0,-47.99999999999994,0.0
132.0,-47.99999999999994,0.0
133.0,-47.99999999999994,0.0
134.0,-47.99999999999994,0.0
135.0,-47.99999999999994,0.0
136.0,-47.99999999999994,0.0
137.0,-47.99999999999994,0.0
138.0,-47.99999999999994,0.0
139.0,-47.99999999999994,0.0
140.0,-47.99999999999994,0.0
141.0,-47.99999999999994,0.0
142.0,-47.99999999999994,0.0
143.0,-47.99999999999994,0.0
144.0,-47.99999999999994,0.0
145.0,-47.99999999999994,0.0
146.0,-47.99999999999994,0.0
147.0,-47.99999999999994,0.0
148.0,-47.99999999999994,0.0
149.0,-47.99999999999994,0.0
150.0,-47.99999999999994,0.0
151.0,-47.99999999999994,0.0
152.0,-47.99999999999994,0.0
153.0,-47.99999999999994,0.0
154.0,-47.99999999999994,0.0
155.0,-47.99999999999994,0.0
156.0,-47.99999999999994,1.0
157.0,-47.99999999999994,1.0
158.0,-47.99999999999994,1.0
159.0,-47.99999999999994,1.0
160.0,-47.99999999999994,0.0
161.0,-47.99999999999994,0.0
162.0,-47.99999999999994,0.0
163.0,-47.99999999999994,0.0
164.0,-47.99999999999994,0.0
165.0,-47.99999999999994,0.0
166.0,-47.99999999999994,0.0
167.0,-47.99999999999994,0.0
90.0,-46.99999999999994,0.0
91.0,-46.99999999999994,0.0
92.0,-46.99999999999994,0.0
93.0,-46.99999999999994,0.0
94.0,-46.99999999999994,0.0
95.0,-46.99999999999994,0.0
96.0,-46.99999999999994,0.0
97.0,-46.99999999999994,0.0
98.0,-46.99999999999994,0.0
99.0,-46.99999999999994,0.0
100.0,-46.99999999999994,0.0
101.0,-46.99999999999994,0.0
102.0,-46.99999999999994,0.0
103.0,-46.99999999999994,0.0
104.0,-46.99999999999994,0.0
105.0,-46.99999999999994,0.0
106.0,-46.99999999999994,0.0
107.0,-46.99999999999994,0.0
108.0,-46.99999999999994,0.0
109.0,-46.99999999999994,0.0
110.0,-46.99999999999994,0.0
111.0,-46.99999999999994,0.0
112.0,-46.99999999999994,0.0
113.0,-46.99999999999994,0.0
114.0,-46.99999999999994,0.0
115.0,-46.99999999999994,0.0
116.0,-46.99999999999994,0.0
117.0,-46.99999999999994,0.0
118.0,-46.99999999999994,0.0
119.0,-46.99999999999994,0.0
120.0,-46.99999999999994,0.0
121.0,-46.99999999999994,0.0
122.0,-46.99999999999994,0.0
123.0,-46.99999999999994,0.0
124.0,-46.99999999999994,0.0
125.0,-46.99999999999994,0.0
126.0,-46.99999999999994,0.0
127.0,-46.99999999999994,0.0
128.0,-46.99999999999994,0.0
129.0,-46.99999999999994,0.0
130.0,-46.99999999999994,0.0
131.0,-46.99999999999994,0.0
132.0,-46.99999999999994,0.0
133.0,-46.99999999999994,0.0
134.0,-46.99999999999994,0.0
135.0,-46.99999999999994,0.0
136.0,-46.99999999999994,0.0
137.0,-46.99999999999994,0.0
138.0,-46.99999999999994,0.0
139.0,-46.99999999999994,0.0
140.0,-46.99999999999994,0.0
141.0,-46.99999999999994,0.0
142.0,-46.99999999999994,0.0
143.0,-46.99999999999994,0.0
144.0,-46.99999999999994,0.0
145.0,-46.99999999999994,0.0
146.0,-46.99999999999994,0.0
147.0,-46.99999999999994,0.0
148.0,-46.99999999999994,0.0
149.0,-46.99999999999994,0.0
150.0,-46.99999999999994,0.0
151.0,-46.99999999999994,0.0
152.0,-46.99999999999994,0.0
153.0,-46.99999999999994,0.0
154.0,-46.99999999999994,0.0
155.0,-46.99999999999994,1.0
156.0,-46.99999999999994,1.0
157.0,-46.99999999999994,1.0
158.0,-46.99999999999994,1.0
159.0,-46.99999999999994,0.0
160.0,-46.99999999999994,0.0
161.0,-46.99999999999994,0.0
162.0,-46.99999999999994,0.0
163.0,-46.99999999999994,0.0
164.0,-46.99999999999994,0.0
165.0,-46.99999999999994,0.0
166.0,-46.99999999999994,0.0
167.0,-46.99999999999994,0.0
90.0,-45.99999999999994,0.0
91.0,-45.99999999999994,0.0
92.0,-45.99999999999994,0.0
93.0,-45.99999999999994,0.0
94.0,-45.99999999999994,0.0
95.0,-45.99999999999994,0.0
96.0,-45.99999999999994,0.0
97.0,-45.99999999999994,0.0
98.0,-45.99999999999994,0.0
99.0,-45.99999999999994,0.0
100.0,-45.99999999999994,0.0
101.0,-45.99999999999994,0.0
102.0,-45.99999999999994,0.0
103.0,-45.99999999999994,0.0
104.0,-45.99999999999994,0.0
105.0,-45.99999999999994,0.0
106.0,-45.99999999999994,0.0
107.0,-45.99999999999994,0.0
108.0,-45.99999999999994,0.0
109.0,-45.99999999999994,0.0
110.0,-45.99999999999994,0.0
111.0,-45.99999999999994,0.0
112.0,-45.99999999999994,0.0
113.0,-45.99999999999994,0.0
114.0,-45.99999999999994,0.0
115.0,-45.99999999999994,0.0
116.0,-45.99999999999994,0.0
117.0,-45.99999999999994,0.0
118.0,-45.99999999999994,0.0
119.0,-45.99999999999994,0.0
120.0,-45.99999999999994,0.0
121.0,-45.99999999999994,0.0
122.0,-45.99999999999994,0.0
123.0,-45.99999999999994,0.0
124.0,-45.99999999999994,0.0
125.0,-45.99999999999994,0.0
126.0,-45.99999999999994,0.0
127.0,-45.99999999999994,0.0
128.0,-45.99999999999994,0.0
129.0,-45.99999999999994,0.0
130.0,-45.99999999999994,0.0
131.0,-45.99999999999994,0.0
132.0,-45.99999999999994,0.0
133.0,-45.99999999999994,0.0
134.0,-45.99999999999994,0.0
135.0,-45.99999999999994,0.0
136.0,-45.99999999999994,0.0
137.0,-45.99999999999994,0.0
138.0,-45.99999999999994,0.0
139.0,-45.99999999999994,0.0
140.0,-45.99999999999994,0.0
141.0,-45.99999999999994,0.0
142.0,-45.99999999999994,0.0
143.0,-45.99999999999994,0.0
144.0,-45.99999999999994,0.0
145.0,-45.99999999999994,0.0
146.0,-45.99999999999994,0.0
147.0,-45.99999999999994,0.0
148.0,-45.99999999999994,0.0
149.0,-45.99999999999994,0.0
150.0,-45.99999999999994,0.0
151.0,-45.99999999999994,0.0
152.0,-45.99999999999994,0.0
153.0,-45.99999999999994,0.0
154.0,-45.99999999999994,0.0
155.0,-45.99999999999994,0.0
156.0,-45.99999999999994,1.0
157.0,-45.99999999999994,1.0
158.0,-45.99999999999994,0.0
159.0,-45.99999999999994,0.0
160.0,-45.99999999999994,0.0
161.0,-45.99999999999994,0.0
162.0,-45.99999999999994,0.0
163.0,-45.99999999999994,0.0
164.0,-45.99999999999994,0.0
165.0,-45.99999999999994,0.0
166.0,-45.99999999999994,0.0
167.0,-45.99999999999994,0.0
90.0,-44.99999999999994,0.0
91.0,-44.99999999999994,0.0
92.0,-44.99999999999994,0.0
93.0,-44.99999999999994,0.0
94.0,-44.99999999999994,0.0
95.0,-44.99999999999994,0.0
96.0,-44.99999999999994,0.0
97.0,-44.99999999999994,0.0
98.0,-44.99999999999994,0.0
99.0,-44.99999999999994,0.0
100.0,-44.99999999999994,0.0
101.0,-44.99999999999994,0.0
102.0,-44.99999999999994,0.0
103.0,-44.99999999999994,0.0
104.0,-44.99999999999994,0.0
105.0,-44.99999999999994,0.0
106.0,-44.99999999999994,0.0
107.0,-44.99999999999994,0.0
108.0,-44.99999999999994,0.0
109.0,-44.99999999999994,0.0
110.0,-44.99999999999994,0.0
111.0,-44.99999999999994,0.0
112.0,-44.99999999999994,0.0
113.0,-44.99999999999994,0.0
114.0,-44.99999999999994,0.0
115.0,-44.99999999999994,0.0
116.0,-44.99999999999994,0.0
117.0,-44.99999999999994,0.0
118.0,-44.99999999999994,0.0
119.0,-44.99999999999994,0.0
120.0,-44.99999999999994,0.0
121.0,-44.99999999999994,0.0
122.0,-44.99999999999994,0.0
123.0,-44.99999999999994,0.0
124.0,-44.99999999999994,0.0
125.0,-44.99999999999994,0.0
126.0,-44.99999999999994,0.0
127.0,-44.99999999999994,0.0
128.0,-44.99999999999994,0.0
129.0,-44.99999999999994,0.0
130.0,-44.99999999999994,0.0
131.0,-44.99999999999994,0.0
132.0,-44.99999999999994,0.0
133.0,-44.99999999999994,0.0
134.0,-44.99999999999994,0.0
135.0,-44.99999999999994,0.0
136.0,-44.99999999999994,0.0
137.0,-44.99999999999994,0.0
138.0,-44.99999999999994,0.0
139.0,-44.99999999999994,0.0
140.0,-44.99999999999994,0.0
141.0,-44.99999999999994,0.0
142.0,-44.99999999999994,0.0
143.0,-44.99999999999994,0.0
144.0,-44.99999999999994,0.0
145.0,-44.99999999999994,0.0
146.0,-44.99999999999994,0.0
147.0,-44.99999999999994,0.0
148.0,-44.99999999999994,0.0
149.0,-44.99999999999994,0.0
150.0,-44.99999999999994,0.0
151.0,-44.99999999999994,0.0
152.0,-44.99999999999994,0.0
153.0,-44.99999999999994,0.0
154.0,-44.99999999999994,0.0
155.0,-44.99999999999994,1.0
156.0,-44.99999999999994,1.0
157.0,-44.99999999999994,1.0
158.0,-44.99999999999994,0.0
159.0,-44.99999999999994,0.0
160.0,-44.99999999999994,0.0
161.0,-44.99999999999994,0.0
162.0,-44.99999999999994,0.0
163.0,-44.99999999999994,0.0
164.0,-44.99999999999994,0.0
165.0,-44.99999999999994,0.0
166.0,-44.99999999999994,0.0
167.0,-44.99999999999994,0.0
90.0,-43.99999999999994,0.0
91.0,-43.99999999999994,0.0
92.0,-43.99999999999994,0.0
93.0,-43.99999999999994,0.0
94.0,-43.99999999999994,0.0
95.0,-43.99999999999994,0.0
96.0,-43.99999999999994,0.0
97.0,-43.99999999999994,0.0
98.0,-43.99999999999994,0.0
99.0,-43.99999999999994,0.0
100.0,-43.99999999999994,0.0
101.0,-43.99999999999994,0.0
102.0,-43.99999999999994,0.0
103.0,-43.99999999999994,0.0
104.0,-43.99999999999994,0.0
105.0,-43.99999999999994,0.0
106.0,-43.99999999999994,0.0
107.0,-43.99999999999994,0.0
108.0,-43.99999999999994,0.0
109.0,-43.99999999999994,0.0
110.0,-43.99999999999994,0.0
111.0,-43.99999999999994,0.0
112.0,-43.99999999999994,0.0
113.0,-43.99999999999994,0.0
114.0,-43.99999999999994,0.0
115.0,-43.99999999999994,0.0
116.0,-43.99999999999994,0.0
117.0,-43.99999999999994,0.0
118.0,-43.99999999999994,0.0
119.0,-43.99999999999994,0.0
120.0,-43.99999999999994,0.0
121.0,-43.99999999999994,0.0
122.0,-43.99999999999994,0.0
123.0,-43.99999999999994,0.0
124.0,-43.99999999999994,0.0
125.0,-43.99999999999994,0.0
126.0,-43.99999999999994,0.0
127.0,-43.99999999999994,0.0
128.0,-43.99999999999994,0.0
129.0,-43.99999999999994,0.0
130.0,-43.99999999999994,0.0
131.0,-43.99999999999994,0.0
132.0,-43.99999999999994,0.0
133.0,-43.99999999999994,0.0
134.0,-43.99999999999994,0.0
135.0,-43.99999999999994,0.0
136.0,-43.99999999999994,0.0
137.0,-43.99999999999994,0.0
138.0,-43.99999999999994,0.0
139.0,-43.99999999999994,0.0
140.0,-43.99999999999994,0.0
141.0,-43.99999999999994,0.0
142.0,-43.99999999999994,0.0
143.0,-43.99999999999994,0.0
144.0,-43.99999999999994,0.0
145.0,-43.99999999999994,0.0
146.0,-43.99999999999994,0.0
147.0,-43.99999999999994,0.0
148.0,-43.99999999999994,0.0
149.0,-43.99999999999994,0.0
150.0,-43.99999999999994,0.0
151.0,-43.99999999999994,0.0
152.0,-43.99999999999994,0.0
153.0,-43.99999999999994,0.0
154.0,-43.99999999999994,1.0
155.0,-43.99999999999994,1.0
156.0,-43.99999999999994,1.0
157.0,-43.99999999999994,1.0
158.0,-43.99999999999994,1.0
159.0,-43.99999999999994,0.0
160.0,-43.99999999999994,0.0
161.0,-43.99999999999994,0.0
162.0,-43.99999999999994,0.0
163.0,-43.99999999999994,0.0
164.0,-43.99999999999994,0.0
165.0,-43.99999999999994,0.0
166.0,-43.99999999999994,0.0
167.0,-43.99999999999994,0.0
90.0,-42.99999999999994,0.0
91.0,-42.99999999999994,0.0
92.0,-42.99999999999994,0.0
93.0,-42.99999999999994,0.0
94.0,-42.99999999999994,0.0
95.0,-42.99999999999994,0.0
96.0,-42.99999999999994,0.0
97.0,-42.99999999999994,0.0
98.0,-42.99999999999994,0.0
99.0,-42.99999999999994,0.0
100.0,-42.99999999999994,0.0
101.0,-42.99999999999994,0.0
102.0,-42.99999999999994,0.0
103.0,-42.99999999999994,0.0
104.0,-42.99999999999994,0.0
105.0,-42.99999999999994,0.0
106.0,-42.99999999999994,0.0
107.0,-42.99999999999994,0.0
108.0,-42.99999999999994,0.0
109.0,-42.99999999999994,0.0
110.0,-42.99999999999994,0.0
111.0,-42.99999999999994,0.0
112.0,-42.99999999999994,0.0
113.0,-42.99999999999994,0.0
114.0,-42.99999999999994,0.0
115.0,-42.99999999999994,0.0
116.0,-42.99999999999994,0.0
117.0,-42.99999999999994,0.0
118.0,-42.99999999999994,0.0
119.0,-42.99999999999994,0.0
120.0,-42.99999999999994,0.0
121.0,-42.99999999999994,0.0
122.0,-42.99999999999994,0.0
123.0,-42.99999999999994,0.0
124.0,-42.99999999999994,0.0
125.0,-42.99999999999994,0.0
126.0,-42.99999999999994,0.0
127.0,-42.99999999999994,0.0
128.0,-42.99999999999994,0.0
129.0,-42.99999999999994,0.0
130.0,-42.99999999999994,0.0
131.0,-42.99999999999994,0.0
132.0,-42.99999999999994,0.0
133.0,-42.99999999999994,0.0
134.0,-42.99999999999994,0.0
135.0,-42.99999999999994,0.0
136.0,-42.99999999999994,0.0
137.0,-42.99999999999994,0.0
138.0,-42.99999999999994,0.0
139.0,-42.99999999999994,0.0
140.0,-42.99999999999994,0.0
141.0,-42.99999999999994,0.0
142.0,-42.99999999999994,0.0
143.0,-42.99999999999994,0.0
144.0,-42.99999999999994,0.0
145.0,-42.99999999999994,0.0
146.0,-42.99999999999994,0.0
147.0,-42.99999999999994,0.0
148.0,-42.99999999999994,0.0
149.0,-42.99999999999994,0.0
150.0,-42.99999999999994,0.0
151.0,-42.99999999999994,0.0
152.0,-42.99999999999994,0.0
153.0,-42.99999999999994,0.0
154.0,-42.99999999999994,1.0
155.0,-42.99999999999994,1.0
156.0,-42.99999999999994,1.0
157.0,-42.99999999999994,1.0
158.0,-42.99999999999994,0.0
159.0,-42.99999999999994,0.0
160.0,-42.99999999999994,0.0
161.0,-42.99999999999994,0.0
162.0,-42.99999999999994,0.0
163.0,-42.99999999999994,0.0
164.0,-42.99999999999994,0.0
165.0,-42.99999999999994,0.0
166.0,-42.99999999999994,0.0
167.0,-42.99999999999994,0.0
90.0,-41.99999999999994,0.0
91.0,-41.99999999999994,0.0
92.0,-41.99999999999994,0.0
93.0,-41.99999999999994,0.0
94.0,-41.99999999999994,0.0
95.0,-41.99999999999994,0.0
96.0,-41.99999999999994,0.0
97.0,-41.99999999999994,0.0
98.0,-41.99999999999994,0.0
99.0,-41.99999999999994,0.0
100.0,-41.99999999999994,0.0
101.0,-41.99999999999994,0.0
102.0,-41.99999999999994,0.0
103.0,-41.99999999999994,0.0
104.0,-41.99999999999994,0.0
105.0,-41.99999999999994,0.0
106.0,-41.99999999999994,0.0
107.0,-41.99999999999994,0.0
108.0,-41.99999999999994,0.0
109.0,-41.99999999999994,0.0
110.0,-41.99999999999994,0.0
111.0,-41.99999999999994,0.0
112.0,-41.99999999999994,0.0
113.0,-41.99999999999994,0.0
114.0,-41.99999999999994,0.0
115.0,-41.99999999999994,0.0
116.0,-41.99999999999994,0.0
117.0,-41.99999999999994,0.0
118.0,-41.99999999999994,0.0
119.0,-41.99999999999994,0.0
120.0,-41.99999999999994,0.0
121.0,-41.99999999999994,0.0
122.0,-41.99999999999994,0.0
123.0,-41.99999999999994,0.0
124.0,-41.99999999999994,0.0
125.0,-41.99999999999994,0.0
126.0,-41.99999999999994,0.0
127.0,-41.99999999999994,0.0
128.0,-41.99999999999994,0.0
129.0,-41.99999999999994,0.0
130.0,-41.99999999999994,0.0
131.0,-41.99999999999994,0.0
132.0,-41.99999999999994,0.0
133.0,-41.99999999999994,0.0
134.0,-41.99999999999994,0.0
135.0,-41.99999999999994,0.0
136.0,-41.99999999999994,0.0
137.0,-41.99999999999994,0.0
138.0,-41.99999999999994,0.0
139.0,-41.99999999999994,0.0
140.0,-41.99999999999994,0.0
141.0,-41.99999999999994,0.0
142.0,-41.99999999999994,0.0
143.0,-41.99999999999994,0.0
144.0,-41.99999999999994,0.0
145.0,-41.99999999999994,0.0
146.0,-41.99999999999994,0.0
147.0,-41.99999999999994,0.0
148.0,-41.99999999999994,0.0
149.0,-41.99999999999994,0.0
150.0,-41.99999999999994,0.0
151.0,-41.99999999999994,0.0
152.0,-41.99999999999994,0.0
153.0,-41.99999999999994,0.0
154.0,-41.99999999999994,1.0
155.0,-41.99999999999994,1.0
156.0,-41.99999999999994,0.0
157.0,-41.99999999999994,0.0
158.0,-41.99999999999994,0.0
159.0,-41.99999999999994,0.0
160.0,-41.99999999999994,0.0
161.0,-41.99999999999994,0.0
162.0,-41.99999999999994,0.0
163.0,-41.99999999999994,0.0
164.0,-41.99999999999994,0.0
165.0,-41.99999999999994,0.0
166.0,-41.99999999999994,0.0
167.0,-41.99999999999994,0.0
90.0,-40.99999999999994,0.0
91.0,-40.99999999999994,0.0
92.0,-40.99999999999994,0.0
93.0,-40.99999999999994,0.0
94.0,-40.99999999999994,0.0
95.0,-40.99999999999994,0.0
96.0,-40.99999999999994,0.0
97.0,-40.99999999999994,0.0
98.0,-40.99999999999994,0.0
99.0,-40.99999999999994,0.0
100.0,-40.99999999999994,0.0
101.0,-40.99999999999994,0.0
102.0,-40.99999999999994,0.0
103.0,-40.99999999999994,0.0
104.0,-40.99999999999994,0.0
105.0,-40.99999999999994,0.0
106.0,-40.99999999999994,0.0
107.0,-40.99999999999994,0.0
108.0,-40.99999999999994,0.0
109.0,-40.99999999999994,0.0
110.0,-40.99999999999994,0.0
111.0,-40.99999999999994,0.0
112.0,-40.99999999999994,0.0
113.0,-40.99999999999994,0.0
114.0,-40.99999999999994,0.0
115.0,-40.99999999999994,0.0
116.0,-40.99999999999994,0.0
117.0,-40.99999999999994,0.0
118.0,-40.99999999999994,0.0
119.0,-40.99999999999994,0.0
120.0,-40.99999999999994,0.0
121.0,-40.99999999999994,0.0
122.0,-40.99999999999994,0.0
123.0,-40.99999999999994,0.0
124.0,-40.99999999999994,0.0
125.0,-40.99999999999994,0.0
126.0,-40.99999999999994,0.0
127.0,-40.99999999999994,0.0
128.0,-40.99999999999994,0.0
129.0,-40.99999999999994,0.0
130.0,-40.99999999999994,0.0
131.0,-40.99999999999994,0.0
132.0,-40.99999999999994,0.0
133.0,-40.99999999999994,0.0
134.0,-40.99999999999994,0.0
135.0,-40.99999999999994,0.0
136.0,-40.99999999999994,0.0
137.0,-40.99999999999994,0.0
138.0,-40.99999999999994,0.0
139.0,-40.99999999999994,0.0
140.0,-40.99999999999994,0.0
141.0,-40.99999999999994,0.0
142.0,-40.99999999999994,0.0
143.0,-40.99999999999994,0.0
144.0,-40.99999999999994,0.0
145.0,-40.99999999999994,0.0
146.0,-40.99999999999994,0.0
147.0,-40.99999999999994,0.0
148.0,-40.99999999999994,0.0
149.0,-40.99999999999994,0.0
150.0,-40.99999999999994,0.0
151.0,-40.99999999999994,0.0
152.0,-40.99999999999994,1.0
153.0,-40.99999999999994,1.0
154.0,-40.99999999999994,1.0
155.0,-40.99999999999994,0.0
156.0,-40.99999999999994,0.0
157.0,-40.99999999999994,0.0
158.0,-40.99999999999994,0.0
159.0,-40.99999999999994,0.0
160.0,-40.99999999999994,0.0
161.0,-40.99999999999994,0.0
162.0,-40.99999999999994,0.0
163.0,-40.99999999999994,0.0
164.0,-40.99999999999994,0.0
165.0,-40.99999999999994,0.0
166.0,-40.99999999999994,0.0
167.0,-40.99999999999994,0.0
90.0,-39.99999999999994,0.0
91.0,-39.99999999999994,0.0
92.0,-39.99999999999994,0.0
93.0,-39.99999999999994,0.0
94.0,-39.99999999999994,0.0
95.0,-39.99999999999994,0.0
96.0,-39.99999999999994,0.0
97.0,-39.99999999999994,0.0
98.0,-39.99999999999994,0.0
99.0,-39.99999999999994,0.0
100.0,-39.99999999999994,0.0
101.0,-39.99999999999994,0.0
102.0,-39.99999999999994,0.0
103.0,-39.99999999999994,0.0
104.0,-39.99999999999994,0.0
105.0,-39.99999999999994,0.0
106.0,-39.99999999999994,0.0
107.0,-39.99999999999994,0.0
108.0,-39.99999999999994,0.0
109.0,-39.99999999999994,0.0
110.0,-39.99999999999994,0.0
111.0,-39.99999999999994,0.0
112.0,-39.99999999999994,0.0
113.0,-39.99999999999994,0.0
114.0,-39.99999999999994,0.0
115.0,-39.99999999999994,0.0
116.0,-39.99999999999994,0.0
117.0,-39.99999999999994,0.0
118.0,-39.99999999999994,0.0
119.0,-39.99999999999994,0.0
120.0,-39.99999999999994,0.0
121.0,-39.99999999999994,0.0
122.0,-39.99999999999994,0.0
123.0,-39.99999999999994,0.0
124.0,-39.99999999999994,0.0
125.0,-39.99999999999994,0.0
126.0,-39.99999999999994,0.0
127.0,-39.99999999999994,0.0
128.0,-39.99999999999994,0.0
129.0,-39.99999999999994,0.0
130.0,-39.99999999999994,0.0
131.0,-39.99999999999994,0.0
132.0,-39.99999999999994,0.0
133.0,-39.99999999999994,0.0
134.0,-39.99999999999994,0.0
135.0,-39.99999999999994,0.0
136.0,-39.99999999999994,0.0
137.0,-39.99999999999994,0.0
138.0,-39.99999999999994,0.0
139.0,-39.99999999999994,0.0
140.0,-39.99999999999994,0.0
141.0,-39.99999999999994,0.0
142.0,-39.99999999999994,0.0
143.0,-39.99999999999994,0.0
144.0,-39.99999999999994,0.0
145.0,-39.99999999999994,0.0
146.0,-39.99999999999994,0.0
147.0,-39.99999999999994,0.0
148.0,-39.99999999999994,0.0
149.0,-39.99999999999994,0.0
150.0,-39.99999999999994,0.0
151.0,-39.99999999999994,0.0
152.0,-39.99999999999994,1.0
153.0,-39.99999999999994,1.0
154.0,-39.99999999999994,1.0
155.0,-39.99999999999994,0.0
156.0,-39.99999999999994,0.0
157.0,-39.99999999999994,0.0
158.0,-39.99999999999994,0.0
159.0,-39.99999999999994,0.0
160.0,-39.99999999999994,0.0
161.0,-39.99999999999994,0.0
162.0,-39.99999999999994,0.0
163.0,-39.99999999999994,0.0
164.0,-39.99999999999994,0.0
165.0,-39.99999999999994,0.0
166.0,-39.99999999999994,0.0
167.0,-39.99999999999994,0.0
90.0,-38.99999999999994,0.0
91.0,-38.99999999999994,0.0
92.0,-38.99999999999994,0.0
93.0,-38.99999999999994,0.0
94.0,-38.99999999999994,0.0
95.0,-38.99999999999994,0.0
96.0,-38.99999999999994,0.0
97.0,-38.99999999999994,0.0
98.0,-38.99999999999994,0.0
99.0,-38.99999999999994,0.0
100.0,-38.99999999999994,0.0
101.0,-38.99999999999994,0.0
102.0,-38.99999999999994,0.0
103.0,-38.99999999999994,0.0
104.0,-38.99999999999994,0.0
105.0,-38.99999999999994,0.0
106.0,-38.99999999999994,0.0
107.0,-38.99999999999994,0.0
108.0,-38.99999999999994,0.0
109.0,-38.99999999999994,0.0
110.0,-38.99999999999994,0.0
111.0,-38.99999999999994,0.0
112.0,-38.99999999999994,0.0
113.0,-38.99999999999994,0.0
114.0,-38.99999999999994,0.0
115.0,-38.99999999999994,0.0
116.0,-38.99999999999994,0.0
117.0,-38.99999999999994,0.0
118.0,-38.99999999999994,0.0
119.0,-38.99999999999994,0.0
120.0,-38.99999999999994,0.0
121.0,-38.99999999999994,0.0
122.0,-38.99999999999994,0.0
123.0,-38.99999999999994,0.0
124.0,-38.99999999999994,0.0
125.0,-38.99999999999994,0.0
126.0,-38.99999999999994,0.0
127.0,-38.99999999999994,0.0
128.0,-38.99999999999994,0.0
129.0,-38.99999999999994,0.0
130.0,-38.99999999999994,0.0
131.0,-38.99999999999994,0.0
132.0,-38.99999999999994,0.0
133.0,-38.99999999999994,0.0
134.0,-38.99999999999994,0.0
135.0,-38.99999999999994,0.0
136.0,-38.99999999999994,0.0
137.0,-38.99999999999994,0.0
138.0,-38.99999999999994,0.0
139.0,-38.99999999999994,0.0
140.0,-38.99999999999994,0.0
141.0,-38.99999999999994,0.0
142.0,-38.99999999999994,0.0
143.0,-38.99999999999994,0.0
144.0,-38.99999999999994,0.0
145.0,-38.99999999999994,0.0
146.0,-38.99999999999994,0.0
147.0,-38.99999999999994,0.0
148.0,-38.99999999999994,0.0
149.0,-38.99999999999994,0.0
150.0,-38.99999999999994,0.0
151.0,-38.99999999999994,1.0
152.0,-38.99999999999994,1.0
153.0,-38.99999999999994,1.0
154.0,-38.99999999999994,0.0
155.0,-38.99999999999994,0.0
156.0,-38.99999999999994,0.0
157.0,-38.99999999999994,0.0
158.0,-38.99999999999994,0.0
159.0,-38.99999999999994,0.0
160.0,-38.99999999999994,0.0
161.0,-38.99999999999994,0.0
162.0,-38.99999999999994,0.0
163.0,-38.99999999999994,0.0
164.0,-38.99999999999994,0.0
165.0,-38.99999999999994,0.0
166.0,-38.99999999999994,0.0
167.0,-38.99999999999994,0.0
90.0,-37.99999999999994,0.0
91.0,-37.99999999999994,0.0
92.0,-37.99999999999994,0.0
93.0,-37.99999999999994,0.0
94.0,-37.99999999999994,0.0
95.0,-37.99999999999994,0.0
96.0,-37.99999999999994,0.0
97.0,-37.99999999999994,0.0
98.0,-37.99999999999994,0.0
99.0,-37.99999999999994,0.0
100.0,-37.99999999999994,0.0
101.0,-37.99999999999994,0.0
102.0,-37.99999999999994,0.0
103.0,-37.99999999999994,0.0
104.0,-37.99999999999994,0.0
105.0,-37.99999999999994,0.0
106.0,-37.99999999999994,0.0
107.0,-37.99999999999994,0.0
108.0,-37.99999999999994,0.0
109.0,-37.99999999999994,0.0
110.0,-37.99999999999994,0.0
111.0,-37.99999999999994,0.0
112.0,-37.99999999999994,0.0
113.0,-37.99999999999994,0.0
114.0,-37.99999999999994,0.0
115.0,-37.99999999999994,0.0
116.0,-37.99999999999994,0.0
117.0,-37.99999999999994,0.0
118.0,-37.99999999999994,0.0
119.0,-37.99999999999994,0.0
120.0,-37.99999999999994,0.0
121.0,-37.99999999999994,0.0
122.0,-37.99999999999994,0.0
123.0,-37.99999999999994,0.0
124.0,-37.99999999999994,0.0
125.0,-37.99999999999994,0.0
126.0,-37.99999999999994,0.0
127.0,-37.99999999999994,0.0
128.0,-37.99999999999994,0.0
129.0,-37.99999999999994,0.0
130.0,-37.99999999999994,0.0
131.0,-37.99999999999994,0.0
132.0,-37.99999999999994,0.0
133.0,-37.99999999999994,0.0
134.0,-37.99999999999994,0.0
135.0,-37.99999999999994,0.0
136.0,-37.99999999999994,0.0
137.0,-37.99999999999994,0.0
138.0,-37.99999999999994,0.0
139.0,-37.99999999999994,0.0
140.0,-37.99999999999994,0.0
141.0,-37.99999999999994,0.0
142.0,-37.99999999999994,0.0
143.0,-37.99999999999994,0.0
144.0,-37.99999999999994,0.0
145.0,-37.99999999999994,0.0
146.0,-37.99999999999994,0.0
147.0,-37.99999999999994,0.0
148.0,-37.99999999999994,0.0
149.0,-37.99999999999994,0.0
150.0,-37.99999999999994,0.0
151.0,-37.99999999999994,1.0
152.0,-37.99999999999994,1.0
153.0,-37.99999999999994,1.0
154.0,-37.99999999999994,0.0
155.0,-37.99999999999994,0.0
156.0,-37.99999999999994,0.0
157.0,-37.99999999999994,0.0
158.0,-37.99999999999994,0.0
159.0,-37.99999999999994,0.0
160.0,-37.99999999999994,0.0
161.0,-37.99999999999994,0.0
162.0,-37.99999999999994,0.0
163.0,-37.99999999999994,0.0
164.0,-37.99999999999994,0.0
165.0,-37.99999999999994,0.0
166.0,-37.99999999999994,0.0
167.0,-37.99999999999994,0.0
90.0,-36.99999999999994,0.0
91.0,-36.99999999999994,0.0
92.0,-36.99999999999994,0.0
93.0,-36.99999999999994,0.0
94.0,-36.99999999999994,0.0
95.0,-36.99999999999994,0.0
96.0,-36.99999999999994,0.0
97.0,-36.99999999999994,0.0
98.0,-36.99999999999994,0.0
99.0,-36.99999999999994,0.0
100.0,-36.99999999999994,0.0
101.0,-36.99999999999994,0.0
102.0,-36.99999999999994,0.0
103.0,-36.99999999999994,0.0
104.0,-36.99999999999994,0.0
105.0,-36.99999999999994,0.0
106.0,-36.99999999999994,0.0
107.0,-36.99999999999994,0.0
108.0,-36.99999999999994,0.0
109.0,-36.99999999999994,0.0
110.0,-36.99999999999994,0.0
111.0,-36.99999999999994,0.0
112.0,-36.99999999999994,0.0
113.0,-36.99999999999994,0.0
114.0,-36.99999999999994,0.0
115.0,-36.99999999999994,0.0
116.0,-36.99999999999994,0.0
117.0,-36.99999999999994,0.0
118.0,-36.99999999999994,0.0
119.0,-36.99999999999994,0.0
120.0,-36.99999999999994,0.0
121.0,-36.99999999999994,0.0
122.0,-36.99999999999994,0.0
123.0,-36.99999999999994,0.0
124.0,-36.99999999999994,0.0
125.0,-36.99999999999994,0.0
126.0,-36.99999999999994,0.0
127.0,-36.99999999999994,0.0
128.0,-36.99999999999994,0.0
129.0,-36.99999999999994,0.0
130.0,-36.99999999999994,0.0
131.0,-36.99999999999994,0.0
132.0,-36.99999999999994,0.0
133.0,-36.99999999999994,0.0
134.0,-36.99999999999994,0.0
135.0,-36.99999999999994,0.0
136.0,-36.99999999999994,0.0
137.0,-36.99999999999994,0.0
138.0,-36.99999999999994,0.0
139.0,-36.99999999999994,0.0
140.0,-36.99999999999994,0.0
141.0,-36.99999999999994,0.0
142.0,-36.99999999999994,0.0
143.0,-36.99999999999994,0.0
144.0,-36.99999999999994,0.0
145.0,-36.99999999999994,0.0
146.0,-36.99999999999994,0.0
147.0,-36.99999999999994,0.0
148.0,-36.99999999999994,0.0
149.0,-36.99999999999994,0.0
150.0,-36.99999999999994,1.0
151.0,-36.99999999999994,1.0
152.0,-36.99999999999994,1.0
153.0,-36.99999999999994,1.0
154.0,-36.99999999999994,0.0
155.0,-36.99999999999994,0.0
156.0,-36.99999999999994,0.0
157.0,-36.99999999999994,0.0
158.0,-36.99999999999994,0.0
159.0,-36.99999999999994,0.0
160.0,-36.99999999999994,0.0
161.0,-36.99999999999994,0.0
162.0,-36.99999999999994,0.0
163.0,-36.99999999999994,0.0
164.0,-36.99999999999994,0.0
165.0,-36.99999999999994,0.0
166.0,-36.99999999999994,0.0
167.0,-36.99999999999994,0.0
90.0,-35.99999999999994,0.0
91.0,-35.99999999999994,0.0
92.0,-35.99999999999994,0.0
93.0,-35.99999999999994,0.0
94.0,-35.99999999999994,0.0
95.0,-35.99999999999994,0.0
96.0,-35.99999999999994,0.0
97.0,-35.99999999999994,0.0
98.0,-35.99999999999994,0.0
99.0,-35.99999999999994,0.0
100.0,-35.99999999999994,0.0
101.0,-35.99999999999994,0.0
102.0,-35.99999999999994,0.0
103.0,-35.99999999999994,0.0
104.0,-35.99999999999994,0.0
105.0,-35.99999999999994,0.0
106.0,-35.99999999999994,0.0
107.0,-35.99999999999994,0.0
108.0,-35.99999999999994,0.0
109.0,-35.99999999999994,0.0
110.0,-35.99999999999994,0.0
111.0,-35.99999999999994,0.0
112.0,-35.99999999999994,0.0
113.0,-35.99999999999994,0.0
114.0,-35.99999999999994,0.0
115.0,-35.99999999999994,0.0
116.0,-35.99999999999994,0.0
117.0,-35.99999999999994,0.0
118.0,-35.99999999999994,0.0
119.0,-35.99999999999994,0.0
120.0,-35.99999999999994,0.0
121.0,-35.99999999999994,0.0
122.0,-35.99999999999994,0.0
123.0,-35.99999999999994,0.0
124.0,-35.99999999999994,0.0
125.0,-35.99999999999994,0.0
126.0,-35.99999999999994,0.0
127.0,-35.99999999999994,0.0
128.0,-35.99999999999994,0.0
129.0,-35.99999999999994,0.0
130.0,-35.99999999999994,0.0
131.0,-35.99999999999994,0.0
132.0,-35.99999999999994,0.0
133.0,-35.99999999999994,0.0
134.0,-35.99999999999994,0.0
135.0,-35.99999999999994,0.0
136.0,-35.99999999999994,0.0
137.0,-35.99999999999994,0.0
138.0,-35.99999999999994,0.0
139.0,-35.99999999999994,0.0
140.0,-35.99999999999994,0.0
141.0,-35.99999999999994,0.0
142.0,-35.99999999999994,0.0
143.0,-35.99999999999994,0.0
144.0,-35.99999999999994,0.0
145.0,-35.99999999999994,0.0
146.0,-35.99999999999994,0.0
147.0,-35.99999999999994,0.0
148.0,-35.99999999999994,0.0
149.0,-35.99999999999994,0.0
150.0,-35.99999999999994,1.0
151.0,-35.99999999999994,1.0
152.0,-35.99999999999994,1.0
153.0,-35.99999999999994,0.0
154.0,-35.99999999999994,0.0
155.0,-35.99999999999994,0.0
156.0,-35.99999999999994,0.0
157.0,-35.99999999999994,0.0
158.0,-35.99999999999994,0.0
159.0,-35.99999999999994,0.0
160.0,-35.99999999999994,0.0
161.0,-35.99999999999994,0.0
162.0,-35.99999999999994,0.0
163.0,-35.99999999999994,0.0
164.0,-35.99999999999994,0.0
165.0,-35.99999999999994,0.0
166.0,-35.99999999999994,0.0
167.0,-35.99999999999994,0.0
90.0,-34.99999999999994,0.0
91.0,-34.99999999999994,0.0
92.0,-34.99999999999994,0.0
93.0,-34.99999999999994,0.0
94.0,-34.99999999999994,0.0
95.0,-34.99999999999994,0.0
96.0,-34.99999999999994,0.0
97.0,-34.99999999999994,0.0
98.0,-34.99999999999994,0.0
99.0,-34.99999999999994,0.0
100.0,-34.99999999999994,0.0
101.0,-34.99999999999994,0.0
102.0,-34.99999999999994,0.0
103.0,-34.99999999999994,0.0
104.0,-34.99999999999994,0.0
105.0,-34.99999999999994,0.0
106.0,-34.99999999999994,0.0
107.0,-34.99999999999994,0.0
108.0,-34.99999999999994,0.0
109.0,-34.99999999999994,0.0
110.0,-34.99999999999994,0.0
111.0,-34.99999999999994,0.0
112.0,-34.99999999999994,0.0
113.0,-34.99999999999994,0.0
114.0,-34.99999999999994,0.0
115.0,-34.99999999999994,0.0
116.0,-34.99999999999994,0.0
117.0,-34.99999999999994,0.0
118.0,-34.99999999999994,0.0
119.0,-34.99999999999994,0.0
120.0,-34.99999999999994,0.0
121.0,-34.99999999999994,0.0
122.0,-34.99999999999994,0.0
123.0,-34.99999999999994,0.0
124.0,-34.99999999999994,0.0
125.0,-34.99999999999994,0.0
126.0,-34.99999999999994,0.0
127.0,-34.99999999999994,0.0
128.0,-34.99999999999994,0.0
129.0,-34.99999999999994,0.0
130.0,-34.99999999999994,0.0
131.0,-34.99999999999994,0.0
132.0,-34.99999999999994,0.0
133.0,-34.99999999999994,0.0
134.0,-34.99999999999994,0.0
135.0,-34.99999999999994,0.0
136.0,-34.99999999999994,0.0
137.0,-34.99999999999994,0.0
138.0,-34.99999999999994,0.0
139.0,-34.99999999999994,0.0
140.0,-34.99999999999994,0.0
141.0,-34.99999999999994,0.0
142.0,-34.99999999999994,0.0
143.0,-34.99999999999994,0.0
144.0,-34.99999999999994,0.0
145.0,-34.99999999999994,0.0
146.0,-34.99999999999994,0.0
147.0,-34.99999999999994,0.0
148.0,-34.99999999999994,0.0
149.0,-34.99999999999994,1.0
150.0,-34.99999999999994,1.0
151.0,-34.99999999999994,1.0
152.0,-34.99999999999994,1.0
153.0,-34.99999999999994,0.0
154.0,-34.99999999999994,0.0
155.0,-34.99999999999994,0.0
156.0,-34.99999999999994,0.0
157.0,-34.99999999999994,0.0
158.0,-34.99999999999994,0.0
159.0,-34.99999999999994,0.0
160.0,-34.99999999999994,0.0
161.0,-34.99999999999994,0.0
162.0,-34.99999999999994,0.0
163.0,-34.99999999999994,0.0
164.0,-34.99999999999994,0.0
165.0,-34.99999999999994,0.0
166.0,-34.99999999999994,0.0
167.0,-34.99999999999994,0.0
90.0,-33.99999999999994,0.0
91.0,-33.99999999999994,0.0
92.0,-33.99999999999994,0.0
93.0,-33.99999999999994,0.0
94.0,-33.99999999999994,0.0
95.0,-33.99999999999994,0.0
96.0,-33.99999999999994,0.0
97.0,-33.99999999999994,0.0
98.0,-33.99999999999994,0.0
99.0,-33.99999999999994,0.0
100.0,-33.99999999999994,0.0
101.0,-33.99999999999994,0.0
102.0,-33.99999999999994,0.0
103.0,-33.99999999999994,0.0
104.0,-33.99999999999994,0.0
105.0,-33.99999999999994,0.0
106.0,-33.99999999999994,0.0
107.0,-33.99999999999994,0.0
108.0,-33.99999999999994,0.0
109.0,-33.99999999999994,0.0
110.0,-33.99999999999994,0.0
111.0,-33.99999999999994,0.0
112.0,-33.99999999999994,0.0
113.0,-33.99999999999994,0.0
114.0,-33.99999999999994,0.0
115.0,-33.99999999999994,0.0
116.0,-33.99999999999994,0.0
117.0,-33.99999999999994,0.0
118.0,-33.99999999999994,0.0
119.0,-33.99999999999994,0.0
120.0,-33.99999999999994,0.0
121.0,-33.99999999999994,0.0
122.0,-33.99999999999994,0.0
123.0,-33.99999999999994,0.0
124.0,-33.99999999999994,0.0
125.0,-33.99999999999994,0.0
126.0,-33.99999999999994,0.0
127.0,-33.99999999999994,0.0
128.0,-33.99999999999994,0.0
129.0,-33.99999999999994,0.0
130.0,-33.99999999999994,0.0
131.0,-33.99999999999994,0.0
132.0,-33.99999999999994,0.0
133.0,-33.99999999999994,0.0
134.0,-33.99999999999994,0.0
135.0,-33.99999999999994,0.0
136.0,-33.99999999999994,0.0
137.0,-33.99999999999994,0.0
138.0,-33.99999999999994,0.0
139.0,-33.99999999999994,0.0
140.0,-33.99999999999994,0.0
141.0,-33.99999999999994,0.0
142.0,-33.99999999999994,0.0
143.0,-33.99999999999994,0.0
144.0,-33.99999999999994,0.0
145.0,-33.99999999999994,0.0
146.0,-33.99999999999994,0.0
147.0,-33.99999999999994,0.0
148.0,-33.99999999999994,1.0
149.0,-33.99999999999994,1.0
150.0,-33.99999999999994,1.0
151.0,-33.99999999999994,1.0
152.0,-33.99999999999994,0.0
153.0,-33.99999999999994,0.0
154.0,-33.99999999999994,0.0
155.0,-33.99999999999994,0.0
156.0,-33.99999999999994,0.0
157.0,-33.99999999999994,0.0
158.0,-33.99999999999994,0.0
159.0,-33.99999999999994,0.0
160.0,-33.99999999999994,0.0
161.0,-33.99999999999994,0.0
162.0,-33.99999999999994,0.0
163.0,-33.99999999999994,0.0
164.0,-33.99999999999994,0.0
165.0,-33.99999999999994,0.0
166.0,-33.99999999999994,0.0
167.0,-33.99999999999994,0.0
90.0,-32.99999999999994,0.0
91.0,-32.99999999999994,0.0
92.0,-32.99999999999994,0.0
93.0,-32.99999999999994,0.0
94.0,-32.99999999999994,0.0
95.0,-32.99999999999994,0.0
96.0,-32.99999999999994,0.0
97.0,-32.99999999999994,0.0
98.0,-32.99999999999994,0.0
99.0,-32.99999999999994,0.0
100.0,-32.99999999999994,0.0
101.0,-32.99999999999994,0.0
102.0,-32.99999999999994,0.0
103.0,-32.99999999999994,0.0
104.0,-32.99999999999994,0.0
105.0,-32.99999999999994,0.0
106.0,-32.99999999999994,0.0
107.0,-32.99999999999994,0.0
108.0,-32.99999999999994,0.0
109.0,-32.99999999999994,0.0
110.0,-32.99999999999994,0.0
111.0,-32.99999999999994,0.0
112.0,-32.99999999999994,0.0
113.0,-32.99999999999994,0.0
114.0,-32.99999999999994,0.0
115.0,-32.99999999999994,0.0
116.0,-32.99999999999994,0.0
117.0,-32.99999999999994,0.0
118.0,-32.99999999999994,0.0
119.0,-32.99999999999994,0.0
120.0,-32.99999999999994,0.0
121.0,-32.99999999999994,0.0
122.0,-32.99999999999994,0.0
123.0,-32.99999999999994,0.0
124.0,-32.99999999999994,0.0
125.0,-32.99999999999994,0.0
126.0,-32.99999999999994,0.0
127.0,-32.99999999999994,0.0
128.0,-32.99999999999994,0.0
129.0,-32.99999999999994,0.0
130.0,-32.99999999999994,0.0
131.0,-32.99999999999994,0.0
132.0,-32.99999999999994,0.0
133.0,-32.99999999999994,0.0
134.0,-32.99999999999994,0.0
135.0,-32.99999999999994,0.0
136.0,-32.99999999999994,0.0
137.0,-32.99999999999994,0.0
138.0,-32.99999999999994,0.0
139.0,-32.99999999999994,0.0
140.0,-32.99999999999994,0.0
141.0,-32.99999999999994,0.0
142.0,-32.99999999999994,0.0
143.0,-32.99999999999994,0.0
144.0,-32.99999999999994,0.0
145.0,-32.99999999999994,0.0
146.0,-32.99999999999994,0.0
147.0,-32.99999999999994,0.0
148.0,-32.99999999999994,1.0
149.0,-32.99999999999994,1.0
150.0,-32.99999999999994,1.0
151.0,-32.99999999999994,1.0
152.0,-32.99999999999994,0.0
153.0,-32.99999999999994,0.0
154.0,-32.99999999999994,0.0
155.0,-32.99999999999994,0.0
156.0,-32.99999999999994,0.0
157.0,-32.99999999999994,0.0
158.0,-32.99999999999994,0.0
159.0,-32.99999999999994,0.0
160.0,-32.99999999999994,0.0
161.0,-32.99999999999994,0.0
162.0,-32.99999999999994,0.0
163.0,-32.99999999999994,0.0
164.0,-32.99999999999994,0.0
165.0,-32.99999999999994,0.0
166.0,-32.99999999999994,0.0
167.0,-32.99999999999994,0.0
90.0,-31.999999999999943,0.0
91.0,-31.999999999999943,0.0
92.0,-31.999999999999943,0.0
93.0,-31.999999999999943,0.0
94.0,-31.999999999999943,0.0
95.0,-31.999999999999943,0.0
96.0,-31.999999999999943,0.0
97.0,-31.999999999999943,0.0
98.0,-31.999999999999943,0.0
99.0,-31.999999999999943,0.0
100.0,-31.999999999999943,0.0
101.0,-31.999999999999943,0.0
102.0,-31.999999999999943,0.0
103.0,-31.999999999999943,0.0
104.0,-31.999999999999943,0.0
105.0,-31.999999999999943,0.0
106.0,-31.999999999999943,0.0
107.0,-31.999999999999943,0.0
108.0,-31.999999999999943,0.0
109.0,-31.999999999999943,0.0
110.0,-31.999999999999943,0.0
111.0,-31.999999999999943,0.0
112.0,-31.999999999999943,0.0
113.0,-31.999999999999943,0.0
114.0,-31.999999999999943,0.0
115.0,-31.999999999999943,0.0
116.0,-31.999999999999943,0.0
117.0,-31.999999999999943,0.0
118.0,-31.999999999999943,0.0
119.0,-31.999999999999943,0.0
120.0,-31.999999999999943,0.0
121.0,-31.999999999999943,0.0
122.0,-31.999999999999943,0.0
123.0,-31.999999999999943,0.0
124.0,-31.999999999999943,0.0
125.0,-31.999999999999943,0.0
126.0,-31.999999999999943,0.0
127.0,-31.999999999999943,0.0
128.0,-31.999999999999943,0.0
129.0,-31.999999999999943,0.0
130.0,-31.999999999999943,0.0
131.0,-31.999999999999943,0.0
132.0,-31.999999999999943,0.0
133.0,-31.999999999999943,0.0
134.0,-31.999999999999943,0.0
135.0,-31.999999999999943,0.0
136.0,-31.999999999999943,0.0
137.0,-31.999999999999943,0.0
138.0,-31.999999999999943,0.0
139.0,-31.999999999999943,0.0
140.0,-31.999999999999943,0.0
141.0,-31.999999999999943,0.0
142.0,-31.999999999999943,0.0
143.0,-31.999999999999943,0.0
144.0,-31.999999999999943,0.0
145.0,-31.999999999999943,0.0
146.0,-31.999999999999943,0.0
147.0,-31.999999999999943,1.0
148.0,-31.999999999999943,1.0
149.0,-31.999999999999943,1.0
150.0,-31.999999999999943,1.0
151.0,-31.999999999999943,0.0
152.0,-31.999999999999943,0.0
153.0,-31.999999999999943,0.0
154.0,-31.999999999999943,0.0
155.0,-31.999999999999943,0.0
156.0,-31.999999999999943,0.0
157.0,-31.999999999999943,0.0
158.0,-31.999999999999943,0.0
159.0,-31.999999999999943,0.0
160.0,-31.999999999999943,0.0
161.0,-31.999999999999943,0.0
162.0,-31.999999999999943,0.0
163.0,-31.999999999999943,0.0
164.0,-31.999999999999943,0.0
165.0,-31.999999999999943,0.0
166.0,-31.999999999999943,0.0
167.0,-31.999999999999943,0.0
90.0,-30.999999999999943,0.0
91.0,-30.999999999999943,0.0
92.0,-30.999999999999943,0.0
93.0,-30.999999999999943,0.0
94.0,-30.999999999999943,0.0
95.0,-30.999999999999943,0.0
96.0,-30.999999999999943,0.0
97.0,-30.999999999999943,0.0
98.0,-30.999999999999943,0.0
99.0,-30.999999999999943,0.0
100.0,-30.999999999999943,0.0
101.0,-30.999999999999943,0.0
102.0,-30.999999999999943,0.0
103.0,-30.999999999999943,0.0
104.0,-30.999999999999943,0.0
105.0,-30.999999999999943,0.0
106.0,-30.999999999999943,0.0
107.0,-30.999999999999943,0.0
108.0,-30.999999999999943,0.0
109.0,-30.999999999999943,0.0
110.0,-30.999999999999943,0.0
111.0,-30.999999999999943,0.0
112.0,-30.999999999999943,0.0
113.0,-30.999999999999943,0.0
114.0,-30.999999999999943,0.0
115.0,-30.999999999999943,0.0
116.0,-30.999999999999943,0.0
117.0,-30.999999999999943,0.0
118.0,-30.999999999999943,0.0
119.0,-30.999999999999943,0.0
120.0,-30.999999999999943,0.0
121.0,-30.999999999999943,0.0
122.0,-30.999999999999943,0.0
123.0,-30.999999999999943,0.0
124.0,-30.999999999999943,0.0
125.0,-30.999999999999943,0.0
126.0,-30.999999999999943,0.0
127.0,-30.999999999999943,0.0
128.0,-30.999999999999943,0.0
129.0,-30.999999999999943,0.0
130.0,-30.999999999999943,0.0
131.0,-30.999999999999943,0.0
132.0,-30.999999999999943,0.0
133.0,-30.999999999999943,0.0
134.0,-30.999999999999943,0.0
135.0,-30.999999999999943,0.0
136.0,-30.999999999999943,0.0
137.0,-30.999999999999943,0.0
138.0,-30.999999999999943,0.0
139.0,-30.999999999999943,0.0
140.0,-30.999999999999943,0.0
141.0,-30.999999999999943,0.0
142.0,-30.999999999999943,0.0
143.0,-30.999999999999943,0.0
144.0,-30.999999999999943,0.0
145.0,-30.999999999999943,0.0
146.0,-30.999999999999943,0.0
147.0,-30.999999999999943,1.0
148.0,-30.999999999999943,1.0
149.0,-30.999999999999943,1.0
150.0,-30.999999999999943,0.0
151.0,-30.999999999999943,0.0
152.0,-30.999999999999943,0.0
153.0,-30.999999999999943,0.0
154.0,-30.999999999999943,0.0
155.0,-30.999999999999943,0.0
156.0,-30.999999999999943,0.0
157.0,-30.999999999999943,0.0
158.0,-30.999999999999943,0.0
159.0,-30.999999999999943,0.0
160.0,-30.999999999999943,0.0
161.0,-30.999999999999943,0.0
162.0,-30.999999999999943,0.0
163.0,-30.999999999999943,0.0
164.0,-30.999999999999943,0.0
165.0,-30.999999999999943,0.0
166.0,-30.999999999999943,0.0
167.0,-30.999999999999943,0.0
90.0,-29.999999999999943,0.0
91.0,-29.999999999999943,0.0
92.0,-29.999999999999943,0.0
93.0,-29.999999999999943,0.0
94.0,-29.999999999999943,0.0
95.0,-29.999999999999943,0.0
96.0,-29.999999999999943,0.0
97.0,-29.999999999999943,0.0
98.0,-29.999999999999943,0.0
99.0,-29.999999999999943,0.0
100.0,-29.999999999999943,0.0
101.0,-29.999999999999943,0.0
102.0,-29.999999999999943,0.0
103.0,-29.999999999999943,0.0
104.0,-29.999999999999943,0.0
105.0,-29.999999999999943,0.0
106.0,-29.999999999999943,0.0
107.0,-29.999999999999943,0.0
108.0,-29.999999999999943,0.0
109.0,-29.999999999999943,0.0
110.0,-29.999999999999943,0.0
111.0,-29.999999999999943,0.0
112.0,-29.999999999999943,0.0
113.0,-29.999999999999943,0.0
114.0,-29.999999999999943,0.0
115.0,-29.999999999999943,0.0
116.0,-29.999999999999943,0.0
117.0,-29.999999999999943,0.0
118.0,-29.999999999999943,0.0
119.0,-29.999999999999943,0.0
120.0,-29.999999999999943,0.0
121.0,-29.999999999999943,0.0
122.0,-29.999999999999943,0.0
123.0,-29.999999999999943,0.0
124.0,-29.999999999999943,0.0
125.0,-29.999999999999943,0.0
126.0,-29.999999999999943,0.0
127.0,-29.999999999999943,0.0
128.0,-29.999999999999943,0.0
129.0,-29.999999999999943,0.0
130.0,-29.999999999999943,0.0
131.0,-29.999999999999943,0.0
132.0,-29.999999999999943,0.0
133.0,-29.999999999999943,0.0
134.0,-29.999999999999943,0.0
135.0,-29.999999999999943,0.0
136.0,-29.999999999999943,0.0
137.0,-29.999999999999943,0.0
138.0,-29.999999999999943,0.0
139.0,-29.999999999999943,0.0
140.0,-29.999999999999943,0.0
141.0,-29.999999999999943,0.0
142.0,-29.999999999999943,0.0
143.0,-29.999999999999943,0.0
144.0,-29.999999999999943,0.0
145.0,-29.999999999999943,0.0
146.0,-29.999999999999943,0.0
147.0,-29.999999999999943,0.0
148.0,-29.999999999999943,0.0
149.0,-29.999999999999943,0.0
150.0,-29.999999999999943,0.0
151.0,-29.999999999999943,0.0
152.0,-29.999999999999943,0.0
153.0,-29.999999999999943,0.0
154.0,-29.999999999999943,0.0
155.0,-29.999999999999943,0.0
156.0,-29.999999999999943,0.0
157.0,-29.999999999999943,0.0
158.0,-29.999999999999943,0.0
159.0,-29.999999999999943,0.0
160.0,-29.999999999999943,0.0
161.0,-29.999999999999943,0.0
162.0,-29.999999999999943,0.0
163.0,-29.999999999999943,0.0
164.0,-29.999999999999943,0.0
165.0,-29.999999999999943,0.0
166.0,-29.999999999999943,0.0
167.0,-29.999999999999943,0.0
90.0,-28.999999999999943,0.0
91.0,-28.999999999999943,0.0
92.0,-28.999999999999943,0.0
93.0,-28.999999999999943,0.0
94.0,-28.999999999999943,0.0
95.0,-28.999999999999943,0.0
96.0,-28.999999999999943,0.0
97.0,-28.999999999999943,0.0
98.0,-28.999999999999943,0.0
99.0,-28.999999999999943,0.0
100.0,-28.999999999999943,0.0
101.0,-28.999999999999943,0.0
102.0,-28.999999999999943,0.0
103.0,-28.999999999999943,0.0
104.0,-28.999999999999943,0.0
105.0,-28.999999999999943,0.0
106.0,-28.999999999999943,0.0
107.0,-28.999999999999943,0.0
108.0,-28.999999999999943,0.0
109.0,-28.999999999999943,0.0
110.0,-28.999999999999943,0.0
111.0,-28.999999999999943,0.0
112.0,-28.999999999999943,0.0
113.0,-28.999999999999943,0.0
114.0,-28.999999999999943,0.0
115.0,-28.999999999999943,0.0
116.0,-28.999999999999943,0.0
117.0,-28.999999999999943,0.0
118.0,-28.999999999999943,0.0
119.0,-28.999999999999943,0.0
120.0,-28.999999999999943,0.0
121.0,-28.999999999999943,0.0
122.0,-28.999999999999943,0.0
123.0,-28.999999999999943,0.0
124.0,-28.999999999999943,0.0
125.0,-28.999999999999943,0.0
126.0,-28.999999999999943,0.0
127.0,-28.999999999999943,0.0
128.0,-28.999999999999943,0.0
129.0,-28.999999999999943,0.0
130.0,-28.999999999999943,0.0
131.0,-28.999999999999943,0.0
132.0,-28.999999999999943,0.0
133.0,-28.999999999999943,0.0
134.0,-28.999999999999943,0.0
135.0,-28.999999999999943,0.0
136.0,-28.999999999999943,0.0
137.0,-28.999999999999943,0.0
138.0,-28.999999999999943,0.0
139.0,-28.999999999999943,0.0
140.0,-28.999999999999943,0.0
141.0,-28.999999999999943,0.0
142.0,-28.999999999999943,0.0
143.0,-28.999999999999943,0.0
144.0,-28.999999999999943,0.0
145.0,-28.999999999999943,0.0
146.0,-28.999999999999943,0.0
147.0,-28.999999999999943,1.0
148.0,-28.999999999999943,1.0
149.0,-28.999999999999943,1.0
150.0,-28.999999999999943,0.0
151.0,-28.999999999999943,0.0
152.0,-28.999999999999943,0.0
153.0,-28.999999999999943,0.0
154.0,-28.999999999999943,0.0
155.0,-28.999999999999943,0.0
156.0,-28.999999999999943,0.0
157.0,-28.999999999999943,0.0
158.0,-28.999999999999943,0.0
159.0,-28.999999999999943,0.0
160.0,-28.999999999999943,0.0
161.0,-28.999999999999943,0.0
162.0,-28.999999999999943,0.0
163.0,-28.999999999999943,0.0
164.0,-28.999999999999943,0.0
165.0,-28.999999999999943,0.0
166.0,-28.999999999999943,0.0
167.0,-28.999999999999943,0.0
90.0,-27.999999999999943,0.0
91.0,-27.999999999999943,0.0
92.0,-27.999999999999943,0.0
93.0,-27.999999999999943,0.0
94.0,-27.999999999999943,0.0
95.0,-27.999999999999943,0.0
96.0,-27.999999999999943,0.0
97.0,-27.999999999999943,0.0
98.0,-27.999999999999943,0.0
99.0,-27.999999999999943,0.0
100.0,-27.999999999999943,0.0
101.0,-27.999999999999943,0.0
102.0,-27.999999999999943,0.0
103.0,-27.999999999999943,0.0
104.0,-27.999999999999943,0.0
105.0,-27.999999999999943,0.0
106.0,-27.999999999999943,0.0
107.0,-27.999999999999943,0.0
108.0,-27.999999999999943,0.0
109.0,-27.999999999999943,0.0
110.0,-27.999999999999943,0.0
111.0,-27.999999999999943,0.0
112.0,-27.999999999999943,0.0
113.0,-27.999999999999943,0.0
114.0,-27.999999999999943,0.0
115.0,-27.999999999999943,0.0
116.0,-27.999999999999943,0.0
117.0,-27.999999999999943,0.0
118.0,-27.999999999999943,0.0
119.0,-27.999999999999943,0.0
120.0,-27.999999999999943,0.0
121.0,-27.999999999999943,0.0
122.0,-27.999999999999943,0.0
123.0,-27.999999999999943,0.0
124.0,-27.999999999999943,0.0
125.0,-27.999999999999943,0.0
126.0,-27.999999999999943,0.0
127.0,-27.999999999999943,0.0
128.0,-27.999999999999943,0.0
129.0,-27.999999999999943,0.0
130.0,-27.999999999999943,0.0
131.0,-27.999999999999943,0.0
132.0,-27.999999999999943,0.0
133.0,-27.999999999999943,0.0
134.0,-27.999999999999943,0.0
135.0,-27.999999999999943,0.0
136.0,-27.999999999999943,0.0
137.0,-27.999999999999943,0.0
138.0,-27.999999999999943,0.0
139.0,-27.999999999999943,0.0
140.0,-27.999999999999943,0.0
141.0,-27.999999999999943,0.0
142.0,-27.999999999999943,0.0
143.0,-27.999999999999943,0.0
144.0,-27.999999999999943,0.0
145.0,-27.999999999999943,0.0
146.0,-27.999999999999943,0.0
147.0,-27.999999999999943,1.0
148.0,-27.999999999999943,1.0
149.0,-27.999999999999943,1.0
150.0,-27.999999999999943,0.0
151.0,-27.999999999999943,0.0
152.0,-27.999999999999943,0.0
153.0,-27.999999999999943,0.0
154.0,-27.999999999999943,0.0
155.0,-27.999999999999943,0.0
156.0,-27.999999999999943,0.0
157.0,-27.999999999999943,0.0
158.0,-27.999999999999943,0.0
159.0,-27.999999999999943,0.0
160.0,-27.999999999999943,0.0
161.0,-27.999999999999943,0.0
162.0,-27.999999999999943,0.0
163.0,-27.999999999999943,0.0
164.0,-27.999999999999943,0.0
165.0,-27.999999999999943,0.0
166.0,-27.999999999999943,0.0
167.0,-27.999999999999943,0.0
90.0,-26.999999999999943,0.0
91.0,-26.999999999999943,0.0
92.0,-26.999999999999943,0.0
93.0,-26.999999999999943,0.0
94.0,-26.999999999999943,0.0
95.0,-26.999999999999943,0.0
96.0,-26.999999999999943,0.0
97.0,-26.999999999999943,0.0
98.0,-26.999999999999943,0.0
99.0,-26.999999999999943,0.0
100.0,-26.999999999999943,0.0
101.0,-26.999999999999943,0.0
102.0,-26.999999999999943,0.0
103.0,-26.999999999999943,0.0
104.0,-26.999999999999943,0.0
105.0,-26.999999999999943,0.0
106.0,-26.999999999999943,0.0
107.0,-26.999999999999943,0.0
108.0,-26.999999999999943,0.0
109.0,-26.999999999999943,0.0
110.0,-26.999999999999943,0.0
111.0,-26.999999999999943,0.0
112.0,-26.999999999999943,0.0
113.0,-26.999999999999943,0.0
114.0,-26.999999999999943,0.0
115.0,-26.999999999999943,0.0
116.0,-26.999999999999943,0.0
117.0,-26.999999999999943,0.0
118.0,-26.999999999999943,0.0
119.0,-26.999999999999943,0.0
120.0,-26.999999999999943,0.0
121.0,-26.999999999999943,0.0
122.0,-26.999999999999943,0.0
123.0,-26.999999999999943,0.0
124.0,-26.999999999999943,0.0
125.0,-26.999999999999943,0.0
126.0,-26.999999999999943,0.0
127.0,-26.999999999999943,0.0
128.0,-26.999999999999943,0.0
129.0,-26.999999999999943,0.0
130.0,-26.999999999999943,0.0
131.0,-26.999999999999943,0.0
132.0,-26.999999999999943,0.0
133.0,-26.999999999999943,0.0
134.0,-26.999999999999943,0.0
135.0,-26.999999999999943,0.0
136.0,-26.999999999999943,0.0
137.0,-26.999999999999943,0.0
138.0,-26.999999999999943,0.0
139.0,-26.999999999999943,0.0
140.0,-26.999999999999943,0.0
141.0,-26.999999999999943,0.0
142.0,-26.999999999999943,0.0
143.0,-26.999999999999943,0.0
144.0,-26.999999999999943,0.0
145.0,-26.999999999999943,0.0
146.0,-26.999999999999943,1.0
147.0,-26.999999999999943,1.0
148.0,-26.999999999999943,1.0
149.0,-26.999999999999943,1.0
150.0,-26.999999999999943,0.0
151.0,-26.999999999999943,0.0
152.0,-26.999999999999943,0.0
153.0,-26.999999999999943,0.0
154.0,-26.999999999999943,0.0
155.0,-26.999999999999943,0.0
156.0,-26.999999999999943,0.0
157.0,-26.999999999999943,0.0
158.0,-26.999999999999943,0.0
159.0,-26.999999999999943,0.0
160.0,-26.999999999999943,0.0
161.0,-26.999999999999943,0.0
162.0,-26.999999999999943,0.0
163.0,-26.999999999999943,0.0
164.0,-26.999999999999943,0.0
165.0,-26.999999999999943,0.0
166.0,-26.999999999999943,0.0
167.0,-26.999999999999943,0.0
90.0,-25.999999999999943,0.0
91.0,-25.999999999999943,0.0
92.0,-25.999999999999943,0.0
93.0,-25.999999999999943,0.0
94.0,-25.999999999999943,0.0
95.0,-25.999999999999943,0.0
96.0,-25.999999999999943,0.0
97.0,-25.999999999999943,0.0
98.0,-25.999999999999943,0.0
99.0,-25.999999999999943,0.0
100.0,-25.999999999999943,0.0
101.0,-25.999999999999943,0.0
102.0,-25.999999999999943,0.0
103.0,-25.999999999999943,0.0
104.0,-25.999999999999943,0.0
105.0,-25.999999999999943,0.0
106.0,-25.999999999999943,0.0
107.0,-25.999999999999943,0.0
108.0,-25.999999999999943,0.0
109.0,-25.999999999999943,0.0
110.0,-25.999999999999943,0.0
111.0,-25.999999999999943,0.0
112.0,-25.999999999999943,0.0
113.0,-25.999999999999943,0.0
114.0,-25.999999999999943,0.0
115.0,-25.999999999999943,0.0
116.0,-25.999999999999943,0.0
117.0,-25.999999999999943,0.0
118.0,-25.999999999999943,0.0
119.0,-25.999999999999943,0.0
120.0,-25.999999999999943,0.0
121.0,-25.999999999999943,0.0
122.0,-25.999999999999943,0.0
123.0,-25.999999999999943,0.0
124.0,-25.999999999999943,0.0
125.0,-25.999999999999943,0.0
126.0,-25.999999999999943,0.0
127.0,-25.999999999999943,0.0
128.0,-25.999999999999943,0.0
129.0,-25.999999999999943,0.0
130.0,-25.999999999999943,0.0
131.0,-25.999999999999943,0.0
132.0,-25.999999999999943,0.0
133.0,-25.999999999999943,0.0
134.0,-25.999999999999943,0.0
135.0,-25.999999999999943,0.0
136.0,-25.999999999999943,0.0
137.0,-25.999999999999943,0.0
138.0,-25.999999999999943,0.0
139.0,-25.999999999999943,0.0
140.0,-25.999999999999943,0.0
141.0,-25.999999999999943,0.0
142.0,-25.999999999999943,0.0
143.0,-25.999999999999943,0.0
144.0,-25.999999999999943,0.0
145.0,-25.999999999999943,0.0
146.0,-25.999999999999943,1.0
147.0,-25.999999999999943,1.0
148.0,-25.999999999999943,1.0
149.0,-25.999999999999943,0.0
150.0,-25.999999999999943,0.0
151.0,-25.999999999999943,0.0
152.0,-25.999999999999943,0.0
153.0,-25.999999999999943,0.0
154.0,-25.999999999999943,0.0
155.0,-25.999999999999943,0.0
156.0,-25.999999999999943,0.0
157.0,-25.999999999999943,0.0
158.0,-25.999999999999943,0.0
159.0,-25.999999999999943,0.0
160.0,-25.999999999999943,0.0
161.0,-25.999999999999943,0.0
162.0,-25.999999999999943,0.0
163.0,-25.999999999999943,0.0
164.0,-25.999999999999943,0.0
165.0,-25.999999999999943,0.0
166.0,-25.999999999999943,0.0
167.0,-25.999999999999943,0.0
90.0,-24.999999999999943,0.0
91.0,-24.999999999999943,0.0
92.0,-24.999999999999943,0.0
93.0,-24.999999999999943,0.0
94.0,-24.999999999999943,0.0
95.0,-24.999999999999943,0.0
96.0,-24.999999999999943,0.0
97.0,-24.999999999999943,0.0
98.0,-24.999999999999943,0.0
99.0,-24.999999999999943,0.0
100.0,-24.999999999999943,0.0
101.0,-24.999999999999943,0.0
102.0,-24.999999999999943,0.0
103.0,-24.999999999999943,0.0
104.0,-24.999999999999943,0.0
105.0,-24.999999999999943,0.0
106.0,-24.999999999999943,0.0
107.0,-24.999999999999943,0.0
108.0,-24.999999999999943,0.0
109.0,-24.999999999999943,0.0
110.0,-24.999999999999943,0.0
111.0,-24.999999999999943,0.0
112.0,-24.999999999999943,0.0
113.0,-24.999999999999943,0.0
114.0,-24.999999999999943,0.0
115.0,-24.999999999999943,0.0
116.0,-24.999999999999943,0.0
117.0,-24.999999999999943,0.0
118.0,-24.999999999999943,0.0
119.0,-24.999999999999943,0.0
120.0,-24.999999999999943,0.0
121.0,-24.999999999999943,0.0
122.0,-24.999999999999943,0.0
123.0,-24.999999999999943,0.0
124.0,-24.999999999999943,0.0
125.0,-24.999999999999943,0.0
126.0,-24.999999999999943,0.0
127.0,-24.999999999999943,0.0
128.0,-24.999999999999943,0.0
129.0,-24.999999999999943,0.0
130.0,-24.999999999999943,0.0
131.0,-24.999999999999943,0.0
132.0,-24.999999999999943,0.0
133.0,-24.999999999999943,0.0
134.0,-24.999999999999943,0.0
135.0,-24.999999999999943,0.0
136.0,-24.999999999999943,0.0
137.0,-24.999999999999943,0.0
138.0,-24.999999999999943,0.0
139.0,-24.999999999999943,0.0
140.0,-24.999999999999943,0.0
141.0,-24.999999999999943,0.0
142.0,-24.999999999999943,0.0
143.0,-24.999999999999943,0.0
144.0,-24.999999999999943,0.0
145.0,-24.999999999999943,0.0
146.0,-24.999999999999943,1.0
147.0,-24.999999999999943,1.0
148.0,-24.999999999999943,1.0
149.0,-24.999999999999943,0.0
150.0,-24.999999999999943,0.0
151.0,-24.999999999999943,0.0
152.0,-24.999999999999943,0.0
153.0,-24.999999999999943,0.0
154.0,-24.999999999999943,0.0
155.0,-24.999999999999943,0.0
156.0,-24.999999999999943,0.0
157.0,-24.999999999999943,0.0
158.0,-24.999999999999943,0.0
159.0,-24.999999999999943,0.0
160.0,-24.999999999999943,0.0
161.0,-24.999999999999943,0.0
162.0,-24.999999999999943,0.0
163.0,-24.999999999999943,0.0
164.0,-24.999999999999943,0.0
165.0,-24.999999999999943,0.0
166.0,-24.999999999999943,0.0
167.0,-24.999999999999943,0.0
90.0,-23.999999999999943,0.0
91.0,-23.999999999999943,0.0
92.0,-23.999999999999943,0.0
93.0,-23.999999999999943,0.0
94.0,-23.999999999999943,0.0
95.0,-23.999999999999943,0.0
96.0,-23.999999999999943,0.0
97.0,-23.999999999999943,0.0
98.0,-23.999999999999943,0.0
99.0,-23.999999999999943,0.0
100.0,-23.999999999999943,0.0
101.0,-23.999999999999943,0.0
102.0,-23.999999999999943,0.0
103.0,-23.999999999999943,0.0
104.0,-23.999999999999943,0.0
105.0,-23.999999999999943,0.0
106.0,-23.999999999999943,0.0
107.0,-23.999999999999943,0.0
108.0,-23.999999999999943,0.0
109.0,-23.999999999999943,0.0
110.0,-23.999999999999943,0.0
111.0,-23.999999999999943,0.0
112.0,-23.999999999999943,0.0
113.0,-23.999999999999943,0.0
114.0,-23.999999999999943,0.0
115.0,-23.999999999999943,0.0
116.0,-23.999999999999943,0.0
117.0,-23.999999999999943,0.0
118.0,-23.999999999999943,0.0
119.0,-23.999999999999943,0.0
120.0,-23.999999999999943,0.0
121.0,-23.999999999999943,0.0
122.0,-23.999999999999943,0.0
123.0,-23.999999999999943,0.0
124.0,-23.999999999999943,0.0
125.0,-23.999999999999943,0.0
126.0,-23.999999999999943,0.0
127.0,-23.999999999999943,0.0
128.0,-23.999999999999943,0.0
129.0,-23.999999999999943,0.0
130.0,-23.999999999999943,0.0
131.0,-23.999999999999943,0.0
132.0,-23.999999999999943,0.0
133.0,-23.999999999999943,0.0
134.0,-23.999999999999943,0.0
135.0,-23.999999999999943,0.0
136.0,-23.999999999999943,0.0
137.0,-23.999999999999943,0.0
138.0,-23.999999999999943,0.0
139.0,-23.999999999999943,0.0
140.0,-23.999999999999943,0.0
141.0,-23.999999999999943,0.0
142.0,-23.999999999999943,0.0
143.0,-23.999999999999943,0.0
144.0,-23.999999999999943,0.0
145.0,-23.999999999999943,0.0
146.0,-23.999999999999943,1.0
147.0,-23.999999999999943,1.0
148.0,-23.999999999999943,1.0
149.0,-23.999999999999943,0.0
150.0,-23.999999999999943,0.0
151.0,-23.999999999999943,0.0
152.0,-23.999999999999943,0.0
153.0,-23.999999999999943,0.0
154.0,-23.999999999999943,0.0
155.0,-23.999999999999943,0.0
156.0,-23.999999999999943,0.0
157.0,-23.999999999999943,0.0
158.0,-23.999999999999943,0.0
159.0,-23.999999999999943,0.0
160.0,-23.999999999999943,0.0
161.0,-23.999999999999943,0.0
162.0,-23.999999999999943,0.0
163.0,-23.999999999999943,0.0
164.0,-23.999999999999943,0.0
165.0,-23.999999999999943,0.0
166.0,-23.999999999999943,0.0
167.0,-23.999999999999943,0.0
90.0,-22.999999999999943,0.0
91.0,-22.999999999999943,0.0
92.0,-22.999999999999943,0.0
93.0,-22.999999999999943,0.0
94.0,-22.999999999999943,0.0
95.0,-22.999999999999943,0.0
96.0,-22.999999999999943,0.0
97.0,-22.999999999999943,0.0
98.0,-22.999999999999943,0.0
99.0,-22.999999999999943,0.0
100.0,-22.999999999999943,0.0
101.0,-22.999999999999943,0.0
102.0,-22.999999999999943,0.0
103.0,-22.999999999999943,0.0
104.0,-22.999999999999943,0.0
105.0,-22.999999999999943,0.0
106.0,-22.999999999999943,0.0
107.0,-22.999999999999943,0.0
108.0,-22.999999999999943,0.0
109.0,-22.999999999999943,0.0
110.0,-22.999999999999943,0.0
111.0,-22.999999999999943,0.0
112.0,-22.999999999999943,0.0
113.0,-22.999999999999943,0.0
114.0,-22.999999999999943,0.0
115.0,-22.999999999999943,0.0
116.0,-22.999999999999943,0.0
117.0,-22.999999999999943,0.0
118.0,-22.999999999999943,0.0
119.0,-22.999999999999943,0.0
120.0,-22.999999999999943,0.0
121.0,-22.999999999999943,0.0
122.0,-22.999999999999943,0.0
123.0,-22.999999999999943,0.0
124.0,-22.999999999999943,0.0
125.0,-22.999999999999943,0.0
126.0,-22.999999999999943,0.0
127.0,-22.999999999999943,0.0
128.0,-22.999999999999943,0.0
129.0,-22.999999999999943,0.0
130.0,-22.999999999999943,0.0
131.0,-22.999999999999943,0.0
132.0,-22.999999999999943,0.0
133.0,-22.999999999999943,0.0
134.0,-22.999999999999943,0.0
135.0,-22.999999999999943,0.0
136.0,-22.999999999999943,0.0
137.0,-22.999999999999943,0.0
138.0,-22.999999999999943,0.0
139.0,-22.999999999999943,0.0
140.0,-22.999999999999943,0.0
141.0,-22.999999999999943,0.0
142.0,-22.999999999999943,0.0
143.0,-22.999999999999943,0.0
144.0,-22.999999999999943,0.0
145.0,-22.999999999999943,0.0
146.0,-22.999999999999943,1.0
147.0,-22.999999999999943,1.0
148.0,-22.999999999999943,1.0
149.0,-22.999999999999943,0.0
150.0,-22.999999999999943,0.0
151.0,-22.999999999999943,0.0
152.0,-22.999999999999943,0.0
153.0,-22.999999999999943,0.0
154.0,-22.999999999999943,0.0
155.0,-22.999999999999943,0.0
156.0,-22.999999999999943,0.0
157.0,-22.999999999999943,0.0
158.0,-22.999999999999943,0.0
159.0,-22.999999999999943,0.0
160.0,-22.999999999999943,0.0
161.0,-22.999999999999943,0.0
162.0,-22.999999999999943,0.0
163.0,-22.999999999999943,0.0
164.0,-22.999999999999943,0.0
165.0,-22.999999999999943,0.0
166.0,-22.999999999999943,0.0
167.0,-22.999999999999943,0.0
90.0,-21.999999999999943,0.0
91.0,-21.999999999999943,0.0
92.0,-21.999999999999943,0.0
93.0,-21.999999999999943,0.0
94.0,-21.999999999999943,0.0
95.0,-21.999999999999943,0.0
96.0,-21.999999999999943,0.0
97.0,-21.999999999999943,0.0
98.0,-21.999999999999943,0.0
99.0,-21.999999999999943,0.0
100.0,-21.999999999999943,0.0
101.0,-21.999999999999943,0.0
102.0,-21.999999999999943,0.0
103.0,-21.999999999999943,0.0
104.0,-21.999999999999943,0.0
105.0,-21.999999999999943,0.0
106.0,-21.999999999999943,0.0
107.0,-21.999999999999943,0.0
108.0,-21.999999999999943,0.0
109.0,-21.999999999999943,0.0
110.0,-21.999999999999943,0.0
111.0,-21.999999999999943,0.0
112.0,-21.999999999999943,0.0
113.0,-21.999999999999943,0.0
114.0,-21.999999999999943,0.0
115.0,-21.999999999999943,0.0
116.0,-21.999999999999943,0.0
117.0,-21.999999999999943,0.0
118.0,-21.999999999999943,0.0
119.0,-21.999999999999943,0.0
120.0,-21.999999999999943,0.0
121.0,-21.999999999999943,0.0
122.0,-21.999999999999943,0.0
123.0,-21.999999999999943,0.0
124.0,-21.999999999999943,0.0
125.0,-21.999999999999943,0.0
126.0,-21.999999999999943,0.0
127.0,-21.999999999999943,0.0
128.0,-21.999999999999943,0.0
129.0,-21.999999999999943,0.0
130.0,-21.999999999999943,0.0
131.0,-21.999999999999943,0.0
132.0,-21.999999999999943,0.0
133.0,-21.999999999999943,0.0
134.0,-21.999999999999943,0.0
135.0,-21.999999999999943,0.0
136.0,-21.999999999999943,0.0
137.0,-21.999999999999943,0.0
138.0,-21.999999999999943,0.0
139.0,-21.999999999999943,0.0
140.0,-21.999999999999943,0.0
141.0,-21.999999999999943,0.0
142.0,-21.999999999999943,0.0
143.0,-21.999999999999943,0.0
144.0,-21.999999999999943,0.0
145.0,-21.999999999999943,1.0
146.0,-21.999999999999943,1.0
147.0,-21.999999999999943,1.0
148.0,-21.999999999999943,1.0
149.0,-21.999999999999943,0.0
150.0,-21.999999999999943,0.0
151.0,-21.999999999999943,0.0
152.0,-21.999999999999943,0.0
153.0,-21.999999999999943,0.0
154.0,-21.999999999999943,0.0
155.0,-21.999999999999943,0.0
156.0,-21.999999999999943,0.0
157.0,-21.999999999999943,0.0
158.0,-21.999999999999943,0.0
159.0,-21.999999999999943,0.0
160.0,-21.999999999999943,0.0
161.0,-21.999999999999943,0.0
162.0,-21.999999999999943,0.0
163.0,-21.999999999999943,0.0
164.0,-21.999999999999943,0.0
165.0,-21.999999999999943,0.0
166.0,-21.999999999999943,0.0
167.0,-21.999999999999943,0.0
90.0,-20.999999999999943,0.0
91.0,-20.999999999999943,0.0
92.0,-20.999999999999943,0.0
93.0,-20.999999999999943,0.0
94.0,-20.999999999999943,0.0
95.0,-20.999999999999943,0.0
96.0,-20.999999999999943,0.0
97.0,-20.999999999999943,0.0
98.0,-20.999999999999943,0.0
99.0,-20.999999999999943,0.0
100.0,-20.999999999999943,0.0
101.0,-20.999999999999943,0.0
102.0,-20.999999999999943,0.0
103.0,-20.999999999999943,0.0
104.0,-20.999999999999943,0.0
105.0,-20.999999999999943,0.0
106.0,-20.999999999999943,0.0
107.0,-20.999999999999943,0.0
108.0,-20.999999999999943,0.0
109.0,-20.999999999999943,0.0
110.0,-20.999999999999943,0.0
111.0,-20.999999999999943,0.0
112.0,-20.999999999999943,0.0
113.0,-20.999999999999943,0.0
114.0,-20.999999999999943,0.0
115.0,-20.999999999999943,0.0
116.0,-20.999999999999943,0.0
117.0,-20.999999999999943,0.0
118.0,-20.999999999999943,0.0
119.0,-20.999999999999943,0.0
120.0,-20.999999999999943,0.0
121.0,-20.999999999999943,0.0
122.0,-20.999999999999943,0.0
123.0,-20.999999999999943,0.0
124.0,-20.999999999999943,0.0
125.0,-20.999999999999943,0.0
126.0,-20.999999999999943,0.0
127.0,-20.999999999999943,0.0
128.0,-20.999999999999943,0.0
129.0,-20.999999999999943,0.0
130.0,-20.999999999999943,0.0
131.0,-20.999999999999943,0.0
132.0,-20.999999999999943,0.0
133.0,-20.999999999999943,0.0
134.0,-20.999999999999943,0.0
135.0,-20.999999999999943,0.0
136.0,-20.999999999999943,0.0
137.0,-20.999999999999943,0.0
138.0,-20.999999999999943,0.0
139.0,-20.999999999999943,0.0
140.0,-20.999999999999943,0.0
141.0,-20.999999999999943,0.0
142.0,-20.999999999999943,0.0
143.0,-20.999999999999943,0.0
144.0,-20.999999999999943,0.0
145.0,-20.999999999999943,1.0
146.0,-20.999999999999943,1.0
147.0,-20.999999999999943,1.0
148.0,-20.999999999999943,0.0
149.0,-20.999999999999943,0.0
150.0,-20.999999999999943,0.0
151.0,-20.999999999999943,0.0
152.0,-20.999999999999943,0.0
153.0,-20.999999999999943,0.0
154.0,-20.999999999999943,0.0
155.0,-20.999999999999943,0.0
156.0,-20.999999999999943,0.0
157.0,-20.999999999999943,0.0
158.0,-20.999999999999943,0.0
159.0,-20.999999999999943,0.0
160.0,-20.999999999999943,0.0
161.0,-20.999999999999943,0.0
162.0,-20.999999999999943,0.0
163.0,-20.999999999999943,0.0
164.0,-20.999999999999943,0.0
165.0,-20.999999999999943,0.0
166.0,-20.999999999999943,0.0
167.0,-20.999999999999943,0.0
90.0,-19.999999999999943,0.0
91.0,-19.999999999999943,0.0
92.0,-19.999999999999943,0.0
93.0,-19.999999999999943,0.0
94.0,-19.999999999999943,0.0
95.0,-19.999999999999943,0.0
96.0,-19.999999999999943,0.0
97.0,-19.999999999999943,0.0
98.0,-19.999999999999943,0.0
99.0,-19.999999999999943,0.0
100.0,-19.999999999999943,0.0
101.0,-19.999999999999943,0.0
102.0,-19.999999999999943,0.0
103.0,-19.999999999999943,0.0
104.0,-19.999999999999943,0.0
105.0,-19.999999999999943,0.0
106.0,-19.999999999999943,0.0
107.0,-19.999999999999943,0.0
108.0,-19.999999999999943,0.0
109.0,-19.999999999999943,0.0
110.0,-19.999999999999943,0.0
111.0,-19.999999999999943,0.0
112.0,-19.999999999999943,0.0
113.0,-19.999999999999943,0.0
114.0,-19.999999999999943,0.0
115.0,-19.999999999999943,0.0
116.0,-19.999999999999943,0.0
117.0,-19.999999999999943,0.0
118.0,-19.999999999999943,0.0
119.0,-19.999999999999943,0.0
120.0,-19.999999999999943,0.0
121.0,-19.999999999999943,0.0
122.0,-19.999999999999943,0.0
123.0,-19.999999999999943,0.0
124.0,-19.999999999999943,0.0
125.0,-19.999999999999943,0.0
126.0,-19.999999999999943,0.0
127.0,-19.999999999999943,0.0
128.0,-19.999999999999943,0.0
129.0,-19.999999999999943,0.0
130.0,-19.999999999999943,0.0
131.0,-19.999999999999943,0.0
132.0,-19.999999999999943,0.0
133.0,-19.999999999999943,0.0
134.0,-19.999999999999943,0.0
135.0,-19.999999999999943,0.0
136.0,-19.999999999999943,0.0
137.0,-19.999999999999943,0.0
138.0,-19.999999999999943,0.0
139.0,-19.999999999999943,0.0
140.0,-19.999999999999943,0.0
141.0,-19.999999999999943,0.0
142.0,-19.999999999999943,0.0
143.0,-19.999999999999943,0.0
144.0,-19.999999999999943,0.0
145.0,-19.999999999999943,1.0
146.0,-19.999999999999943,1.0
147.0,-19.999999999999943,1.0
148.0,-19.999999999999943,0.0
149.0,-19.999999999999943,0.0
150.0,-19.999999999999943,0.0
151.0,-19.999999999999943,0.0
152.0,-19.999999999999943,0.0
153.0,-19.999999999999943,0.0
154.0,-19.999999999999943,0.0
155.0,-19.999999999999943,0.0
156.0,-19.999999999999943,0.0
157.0,-19.999999999999943,0.0
158.0,-19.999999999999943,0.0
159.0,-19.999999999999943,0.0
160.0,-19.999999999999943,0.0
161.0,-19.999999999999943,0.0
162.0,-19.999999999999943,0.0
163.0,-19.999999999999943,0.0
164.0,-19.999999999999943,0.0
165.0,-19.999999999999943,0.0
166.0,-19.999999999999943,0.0
167.0,-19.999999999999943,0.0
90.0,-18.999999999999943,0.0
91.0,-18.999999999999943,0.0
92.0,-18.999999999999943,0.0
93.0,-18.999999999999943,0.0
94.0,-18.999999999999943,0.0
95.0,-18.999999999999943,0.0
96.0,-18.999999999999943,0.0
97.0,-18.999999999999943,0.0
98.0,-18.999999999999943,0.0
99.0,-18.999999999999943,0.0
100.0,-18.999999999999943,0.0
101.0,-18.999999999999943,0.0
102.0,-18.999999999999943,0.0
103.0,-18.999999999999943,0.0
104.0,-18.999999999999943,0.0
105.0,-18.999999999999943,0.0
106.0,-18.999999999999943,0.0
107.0,-18.999999999999943,0.0
108.0,-18.999999999999943,0.0
109.0,-18.999999999999943,0.0
110.0,-18.999999999999943,0.0
111.0,-18.999999999999943,0.0
112.0,-18.999999999999943,0.0
113.0,-18.999999999999943,0.0
114.0,-18.999999999999943,0.0
115.0,-18.999999999999943,0.0
116.0,-18.999999999999943,0.0
117.0,-18.999999999999943,0.0
118.0,-18.999999999999943,0.0
119.0,-18.999999999999943,0.0
120.0,-18.999999999999943,0.0
121.0,-18.999999999999943,0.0
122.0,-18.999999999999943,0.0
123.0,-18.999999999999943,0.0
124.0,-18.999999999999943,0.0
125.0,-18.999999999999943,0.0
126.0,-18.999999999999943,0.0
127.0,-18.999999999999943,0.0
128.0,-18.999999999999943,0.0
129.0,-18.999999999999943,0.0
130.0,-18.999999999999943,0.0
131.0,-18.999999999999943,0.0
132.0,-18.999999999999943,0.0
133.0,-18.999999999999943,0.0
134.0,-18.999999999999943,0.0
135.0,-18.999999999999943,0.0
136.0,-18.999999999999943,0.0
137.0,-18.999999999999943,0.0
138.0,-18.999999999999943,0.0
139.0,-18.999999999999943,0.0
140.0,-18.999999999999943,0.0
141.0,-18.999999999999943,0.0
142.0,-18.999999999999943,0.0
143.0,-18.999999999999943,0.0
144.0,-18.999999999999943,0.0
145.0,-18.999999999999943,1.0
146.0,-18.999999999999943,1.0
147.0,-18.999999999999943,1.0
148.0,-18.999999999999943,0.0
149.0,-18.999999999999943,0.0
150.0,-18.999999999999943,0.0
151.0,-18.999999999999943,0.0
152.0,-18.999999999999943,0.0
153.0,-18.999999999999943,0.0
154.0,-18.999999999999943,0.0
155.0,-18.999999999999943,0.0
156.0,-18.999999999999943,0.0
157.0,-18.999999999999943,0.0
158.0,-18.999999999999943,0.0
159.0,-18.999999999999943,0.0
160.0,-18.999999999999943,0.0
161.0,-18.999999999999943,0.0
162.0,-18.999999999999943,0.0
163.0,-18.999999999999943,0.0
164.0,-18.999999999999943,0.0
165.0,-18.999999999999943,0.0
166.0,-18.999999999999943,0.0
167.0,-18.999999999999943,0.0
90.0,-17.999999999999943,0.0
91.0,-17.999999999999943,0.0
92.0,-17.999999999999943,0.0
93.0,-17.999999999999943,0.0
94.0,-17.999999999999943,0.0
95.0,-17.999999999999943,0.0
96.0,-17.999999999999943,0.0
97.0,-17.999999999999943,0.0
98.0,-17.999999999999943,0.0
99.0,-17.999999999999943,0.0
100.0,-17.999999999999943,0.0
101.0,-17.999999999999943,0.0
102.0,-17.999999999999943,0.0
103.0,-17.999999999999943,0.0
104.0,-17.999999999999943,0.0
105.0,-17.999999999999943,0.0
106.0,-17.999999999999943,0.0
107.0,-17.999999999999943,0.0
108.0,-17.999999999999943,0.0
109.0,-17.999999999999943,0.0
110.0,-17.999999999999943,0.0
111.0,-17.999999999999943,0.0
112.0,-17.999999999999943,0.0
113.0,-17.999999999999943,0.0
114.0,-17.999999999999943,0.0
115.0,-17.999999999999943,0.0
116.0,-17.999999999999943,0.0
117.0,-17.999999999999943,0.0
118.0,-17.999999999999943,0.0
119.0,-17.999999999999943,0.0
120.0,-17.999999999999943,0.0
121.0,-17.999999999999943,0.0
122.0,-17.999999999999943,0.0
123.0,-17.999999999999943,0.0
124.0,-17.999999999999943,0.0
125.0,-17.999999999999943,0.0
126.0,-17.999999999999943,0.0
127.0,-17.999999999999943,0.0
128.0,-17.999999999999943,0.0
129.0,-17.999999999999943,0.0
130.0,-17.999999999999943,0.0
131.0,-17.999999999999943,0.0
132.0,-17.999999999999943,0.0
133.0,-17.999999999999943,0.0
134.0,-17.999999999999943,0.0
135.0,-17.999999999999943,0.0
136.0,-17.999999999999943,0.0
137.0,-17.999999999999943,0.0
138.0,-17.999999999999943,0.0
139.0,-17.999999999999943,0.0
140.0,-17.999999999999943,0.0
141.0,-17.999999999999943,0.0
142.0,-17.999999999999943,0.0
143.0,-17.999999999999943,0.0
144.0,-17.999999999999943,1.0
145.0,-17.999999999999943,1.0
146.0,-17.999999999999943,1.0
147.0,-17.999999999999943,1.0
148.0,-17.999999999999943,0.0
149.0,-17.999999999999943,0.0
150.0,-17.999999999999943,0.0
151.0,-17.999999999999943,0.0
152.0,-17.999999999999943,0.0
153.0,-17.999999999999943,0.0
154.0,-17.999999999999943,0.0
155.0,-17.999999999999943,0.0
156.0,-17.999999999999943,0.0
157.0,-17.999999999999943,0.0
158.0,-17.999999999999943,0.0
159.0,-17.999999999999943,0.0
160.0,-17.999999999999943,0.0
161.0,-17.999999999999943,0.0
162.0,-17.999999999999943,0.0
163.0,-17.999999999999943,0.0
164.0,-17.999999999999943,0.0
165.0,-17.999999999999943,0.0
166.0,-17.999999999999943,0.0
167.0,-17.999999999999943,0.0
90.0,-16.999999999999943,0.0
91.0,-16.999999999999943,0.0
92.0,-16.999999999999943,0.0
93.0,-16.999999999999943,0.0
94.0,-16.999999999999943,0.0
95.0,-16.999999999999943,0.0
96.0,-16.999999999999943,0.0
97.0,-16.999999999999943,0.0
98.0,-16.999999999999943,0.0
99.0,-16.999999999999943,0.0
100.0,-16.999999999999943,0.0
101.0,-16.999999999999943,0.0
102.0,-16.999999999999943,0.0
103.0,-16.999999999999943,0.0
104.0,-16.999999999999943,0.0
105.0,-16.999999999999943,0.0
106.0,-16.999999999999943,0.0
107.0,-16.999999999999943,0.0
108.0,-16.999999999999943,0.0
109.0,-16.999999999999943,0.0
110.0,-16.999999999999943,0.0
111.0,-16.999999999999943,0.0
112.0,-16.999999999999943,0.0
113.0,-16.999999999999943,0.0
114.0,-16.999999999999943,0.0
115.0,-16.999999999999943,0.0
116.0,-16.999999999999943,0.0
117.0,-16.999999999999943,0.0
118.0,-16.999999999999943,0.0
119.0,-16.999999999999943,0.0
120.0,-16.999999999999943,0.0
121.0,-16.999999999999943,0.0
122.0,-16.999999999999943,0.0
123.0,-16.999999999999943,0.0
124.0,-16.999999999999943,0.0
125.0,-16.999999999999943,0.0
126.0,-16.999999999999943,0.0
127.0,-16.999999999999943,0.0
128.0,-16.999999999999943,0.0
129.0,-16.999999999999943,0.0
130.0,-16.999999999999943,0.0
131.0,-16.999999999999943,0.0
132.0,-16.999999999999943,0.0
133.0,-16.999999999999943,0.0
134.0,-16.999999999999943,0.0
135.0,-16.999999999999943,0.0
136.0,-16.999999999999943,0.0
137.0,-16.999999999999943,0.0
138.0,-16.999999999999943,0.0
139.0,-16.999999999999943,0.0
140.0,-16.999999999999943,0.0
141.0,-16.999999999999943,0.0
142.0,-16.999999999999943,0.0
143.0,-16.999999999999943,0.0
144.0,-16.999999999999943,1.0
145.0,-16.999999999999943,1.0
146.0,-16.999999999999943,1.0
147.0,-16.999999999999943,0.0
148.0,-16.999999999999943,0.0
149.0,-16.999999999999943,0.0
150.0,-16.999999999999943,0.0
151.0,-16.999999999999943,0.0
152.0,-16.999999999999943,0.0
153.0,-16.999999999999943,0.0
154.0,-16.999999999999943,0.0
155.0,-16.999999999999943,0.0
156.0,-16.999999999999943,0.0
157.0,-16.999999999999943,0.0
158.0,-16.999999999999943,0.0
159.0,-16.999999999999943,0.0
160.0,-16.999999999999943,0.0
161.0,-16.999999999999943,0.0
162.0,-16.999999999999943,0.0
163.0,-16.999999999999943,0.0
164.0,-16.999999999999943,0.0
165.0,-16.999999999999943,0.0
166.0,-16.999999999999943,0.0
167.0,-16.999999999999943,0.0
90.0,-15.999999999999943,0.0
91.0,-15.999999999999943,0.0
92.0,-15.999999999999943,0.0
93.0,-15.999999999999943,0.0
94.0,-15.999999999999943,0.0
95.0,-15.999999999999943,0.0
96.0,-15.999999999999943,0.0
97.0,-15.999999999999943,0.0
98.0,-15.999999999999943,0.0
99.0,-15.999999999999943,0.0
100.0,-15.999999999999943,0.0
101.0,-15.999999999999943,0.0
102.0,-15.999999999999943,0.0
103.0,-15.999999999999943,0.0
104.0,-15.999999999999943,0.0
105.0,-15.999999999999943,0.0
106.0,-15.999999999999943,0.0
107.0,-15.999999999999943,0.0
108.0,-15.999999999999943,0.0
109.0,-15.999999999999943,0.0
110.0,-15.999999999999943,0.0
111.0,-15.999999999999943,0.0
112.0,-15.999999999999943,0.0
113.0,-15.999999999999943,0.0
114.0,-15.999999999999943,0.0
115.0,-15.999999999999943,0.0
116.0,-15.999999999999943,0.0
117.0,-15.999999999999943,0.0
118.0,-15.999999999999943,0.0
119.0,-15.999999999999943,0.0
120.0,-15.999999999999943,0.0
121.0,-15.999999999999943,0.0
122.0,-15.999999999999943,0.0
123.0,-15.999999999999943,0.0
124.0,-15.999999999999943,0.0
125.0,-15.999999999999943,0.0
126.0,-15.999999999999943,0.0
127.0,-15.999999999999943,0.0
128.0,-15.999999999999943,0.0
129.0,-15.999999999999943,0.0
130.0,-15.999999999999943,0.0
131.0,-15.999999999999943,0.0
132.0,-15.999999999999943,0.0
133.0,-15.999999999999943,0.0
134.0,-15.999999999999943,0.0
135.0,-15.999999999999943,0.0
136.0,-15.999999999999943,0.0
137.0,-15.999999999999943,0.0
138.0,-15.999999999999943,0.0
139.0,-15.999999999999943,0.0
140.0,-15.999999999999943,0.0
141.0,-15.999999999999943,0.0
142.0,-15.999999999999943,0.0
143.0,-15.999999999999943,0.0
144.0,-15.999999999999943,1.0
145.0,-15.999999999999943,1.0
146.0,-15.999999999999943,1.0
147.0,-15.999999999999943,0.0
148.0,-15.999999999999943,0.0
149.0,-15.999999999999943,0.0
150.0,-15.999999999999943,0.0
151.0,-15.999999999999943,0.0
152.0,-15.999999999999943,0.0
153.0,-15.999999999999943,0.0
154.0,-15.999999999999943,0.0
155.0,-15.999999999999943,0.0
156.0,-15.999999999999943,0.0
157.0,-15.999999999999943,0.0
158.0,-15.999999999999943,0.0
159.0,-15.999999999999943,0.0
160.0,-15.999999999999943,0.0
161.0,-15.999999999999943,0.0
162.0,-15.999999999999943,0.0
163.0,-15.999999999999943,0.0
164.0,-15.999999999999943,0.0
165.0,-15.999999999999943,0.0
166.0,-15.999999999999943,0.0
167.0,-15.999999999999943,0.0
90.0,-14.999999999999943,0.0
91.0,-14.999999999999943,0.0
92.0,-14.999999999999943,0.0
93.0,-14.999999999999943,0.0
94.0,-14.999999999999943,0.0
95.0,-14.999999999999943,0.0
96.0,-14.999999999999943,0.0
97.0,-14.999999999999943,0.0
98.0,-14.999999999999943,0.0
99.0,-14.999999999999943,0.0
100.0,-14.999999999999943,0.0
101.0,-14.999999999999943,0.0
102.0,-14.999999999999943,0.0
103.0,-14.999999999999943,0.0
104.0,-14.999999999999943,0.0
105.0,-14.999999999999943,0.0
106.0,-14.999999999999943,0.0
107.0,-14.999999999999943,0.0
108.0,-14.999999999999943,0.0
109.0,-14.999999999999943,0.0
110.0,-14.999999999999943,0.0
111.0,-14.999999999999943,0.0
112.0,-14.999999999999943,0.0
113.0,-14.999999999999943,0.0
114.0,-14.999999999999943,0.0
115.0,-14.999999999999943,0.0
116.0,-14.999999999999943,0.0
117.0,-14.999999999999943,0.0
118.0,-14.999999999999943,0.0
119.0,-14.999999999999943,0.0
120.0,-14.999999999999943,0.0
121.0,-14.999999999999943,0.0
122.0,-14.999999999999943,0.0
123.0,-14.999999999999943,0.0
124.0,-14.999999999999943,0.0
125.0,-14.999999999999943,0.0
126.0,-14.999999999999943,0.0
127.0,-14.999999999999943,0.0
128.0,-14.999999999999943,0.0
129.0,-14.999999999999943,0.0
130.0,-14.999999999999943,0.0
131.0,-14.999999999999943,0.0
132.0,-14.999999999999943,0.0
133.0,-14.999999999999943,0.0
134.0,-14.999999999999943,0.0
135.0,-14.999999999999943,0.0
136.0,-14.999999999999943,0.0
137.0,-14.999999999999943,0.0
138.0,-14.999999999999943,0.0
139.0,-14.999999999999943,0.0
140.0,-14.999999999999943,0.0
141.0,-14.999999999999943,0.0
142.0,-14.999999999999943,0.0
143.0,-14.999999999999943,0.0
144.0,-14.999999999999943,0.0
145.0,-14.999999999999943,1.0
146.0,-14.999999999999943,1.0
147.0,-14.999999999999943,0.0
148.0,-14.999999999999943,0.0
149.0,-14.999999999999943,0.0
150.0,-14.999999999999943,0.0
151.0,-14.999999999999943,0.0
152.0,-14.999999999999943,0.0
153.0,-14.999999999999943,0.0
154.0,-14.999999999999943,0.0
155.0,-14.999999999999943,0.0
156.0,-14.999999999999943,0.0
157.0,-14.999999999999943,0.0
158.0,-14.999999999999943,0.0
159.0,-14.999999999999943,0.0
160.0,-14.999999999999943,0.0
161.0,-14.999999999999943,0.0
162.0,-14.999999999999943,0.0
163.0,-14.999999999999943,0.0
164.0,-14.999999999999943,0.0
165.0,-14.999999999999943,0.0
166.0,-14.999999999999943,0.0
167.0,-14.999999999999943,0.0
90.0,-13.999999999999943,0.0
91.0,-13.999999999999943,0.0
92.0,-13.999999999999943,0.0
93.0,-13.999999999999943,0.0
94.0,-13.999999999999943,0.0
95.0,-13.999999999999943,0.0
96.0,-13.999999999999943,0.0
97.0,-13.999999999999943,0.0
98.0,-13.999999999999943,0.0
99.0,-13.999999999999943,0.0
100.0,-13.999999999999943,0.0
101.0,-13.999999999999943,0.0
102.0,-13.999999999999943,0.0
103.0,-13.999999999999943,0.0
104.0,-13.999999999999943,0.0
105.0,-13.999999999999943,0.0
106.0,-13.999999999999943,0.0
107.0,-13.999999999999943,0.0
108.0,-13.999999999999943,0.0
109.0,-13.999999999999943,0.0
110.0,-13.999999999999943,0.0
111.0,-13.999999999999943,0.0
112.0,-13.999999999999943,0.0
113.0,-13.999999999999943,0.0
114.0,-13.999999999999943,0.0
115.0,-13.999999999999943,0.0
116.0,-13.999999999999943,0.0
117.0,-13.999999999999943,0.0
118.0,-13.999999999999943,0.0
119.0,-13.999999999999943,0.0
120.0,-13.999999999999943,0.0
121.0,-13.999999999999943,0.0
122.0,-13.999999999999943,0.0
123.0,-13.999999999999943,0.0
124.0,-13.999999999999943,0.0
125.0,-13.999999999999943,0.0
126.0,-13.999999999999943,0.0
127.0,-13.999999999999943,0.0
128.0,-13.999999999999943,0.0
129.0,-13.999999999999943,0.0
130.0,-13.999999999999943,0.0
131.0,-13.999999999999943,0.0
132.0,-13.999999999999943,0.0
133.0,-13.999999999999943,0.0
134.0,-13.999999999999943,0.0
135.0,-13.999999999999943,0.0
136.0,-13.999999999999943,0.0
137.0,-13.999999999999943,0.0
138.0,-13.999999999999943,0.0
139.0,-13.999999999999943,0.0
140.0,-13.999999999999943,0.0
141.0,-13.999999999999943,0.0
142.0,-13.999999999999943,0.0
143.0,-13.999999999999943,0.0
144.0,-13.999999999999943,0.0
145.0,-13.999999999999943,0.0
146.0,-13.999999999999943,0.0
147.0,-13.999999999999943,0.0
148.0,-13.999999999999943,0.0
149.0,-13.999999999999943,0.0
150.0,-13.999999999999943,0.0
151.0,-13.999999999999943,0.0
152.0,-13.999999999999943,0.0
153.0,-13.999999999999943,0.0
154.0,-13.999999999999943,0.0
155.0,-13.999999999999943,0.0
156.0,-13.999999999999943,0.0
157.0,-13.999999999999943,0.0
158.0,-13.999999999999943,0.0
159.0,-13.999999999999943,0.0
160.0,-13.999999999999943,0.0
161.0,-13.999999999999943,0.0
162.0,-13.999999999999943,0.0
163.0,-13.999999999999943,0.0
164.0,-13.999999999999943,0.0
165.0,-13.999999999999943,0.0
166.0,-13.999999999999943,0.0
167.0,-13.999999999999943,0.0
90.0,-12.999999999999943,0.0
91.0,-12.999999999999943,0.0
92.0,-12.999999999999943,0.0
93.0,-12.999999999999943,0.0
94.0,-12.999999999999943,0.0
95.0,-12.999999999999943,0.0
96.0,-12.999999999999943,0.0
97.0,-12.999999999999943,0.0
98.0,-12.999999999999943,0.0
99.0,-12.999999999999943,0.0
100.0,-12.999999999999943,0.0
101.0,-12.999999999999943,0.0
102.0,-12.999999999999943,0.0
103.0,-12.999999999999943,0.0
104.0,-12.999999999999943,0.0
105.0,-12.999999999999943,0.0
106.0,-12.999999999999943,0.0
107.0,-12.999999999999943,0.0
108.0,-12.999999999999943,0.0
109.0,-12.999999999999943,0.0
110.0,-12.999999999999943,0.0
111.0,-12.999999999999943,0.0
112.0,-12.999999999999943,0.0
113.0,-12.999999999999943,0.0
114.0,-12.999999999999943,0.0
115.0,-12.999999999999943,0.0
116.0,-12.999999999999943,0.0
117.0,-12.999999999999943,0.0
118.0,-12.999999999999943,0.0
119.0,-12.999999999999943,0.0
120.0,-12.999999999999943,0.0
121.0,-12.999999999999943,0.0
122.0,-12.999999999999943,0.0
123.0,-12.999999999999943,0.0
124.0,-12.999999999999943,0.0
125.0,-12.999999999999943,0.0
126.0,-12.999999999999943,0.0
127.0,-12.999999999999943,0.0
128.0,-12.999999999999943,0.0
129.0,-12.999999999999943,0.0
130.0,-12.999999999999943,0.0
131.0,-12.999999999999943,0.0
132.0,-12.999999999999943,0.0
133.0,-12.999999999999943,0.0
134.0,-12.999999999999943,0.0
135.0,-12.999999999999943,0.0
136.0,-12.999999999999943,0.0
137.0,-12.999999999999943,0.0
138.0,-12.999999999999943,0.0
139.0,-12.999999999999943,0.0
140.0,-12.999999999999943,0.0
141.0,-12.999999999999943,0.0
142.0,-12.999999999999943,0.0
143.0,-12.999999999999943,0.0
144.0,-12.999999999999943,0.0
145.0,-12.999999999999943,0.0
146.0,-12.999999999999943,0.0
147.0,-12.999999999999943,0.0
148.0,-12.999999999999943,0.0
149.0,-12.999999999999943,0.0
150.0,-12.999999999999943,0.0
151.0,-12.999999999999943,0.0
152.0,-12.999999999999943,0.0
153.0,-12.999999999999943,0.0
154.0,-12.999999999999943,0.0
155.0,-12.999999999999943,0.0
156.0,-12.999999999999943,0.0
157.0,-12.999999999999943,0.0
158.0,-12.999999999999943,0.0
159.0,-12.999999999999943,0.0
160.0,-12.999999999999943,0.0
161.0,-12.999999999999943,0.0
162.0,-12.999999999999943,0.0
163.0,-12.999999999999943,0.0
164.0,-12.999999999999943,0.0
165.0,-12.999999999999943,0.0
166.0,-12.999999999999943,0.0
167.0,-12.999999999999943,0.0
90.0,-11.999999999999943,0.0
91.0,-11.999999999999943,0.0
92.0,-11.999999999999943,0.0
93.0,-11.999999999999943,0.0
94.0,-11.999999999999943,0.0
95.0,-11.999999999999943,0.0
96.0,-11.999999999999943,0.0
97.0,-11.999999999999943,0.0
98.0,-11.999999999999943,0.0
99.0,-11.999999999999943,0.0
100.0,-11.999999999999943,0.0
101.0,-11.999999999999943,0.0
102.0,-11.999999999999943,0.0
103.0,-11.999999999999943,0.0
104.0,-11.999999999999943,0.0
105.0,-11.999999999999943,0.0
106.0,-11.999999999999943,0.0
107.0,-11.999999999999943,0.0
108.0,-11.999999999999943,0.0
109.0,-11.999999999999943,0.0
110.0,-11.999999999999943,0.0
111.0,-11.999999999999943,0.0
112.0,-11.999999999999943,0.0
113.0,-11.999999999999943,0.0
114.0,-11.999999999999943,0.0
115.0,-11.999999999999943,0.0
116.0,-11.999999999999943,0.0
117.0,-11.999999999999943,0.0
118.0,-11.999999999999943,0.0
119.0,-11.999999999999943,0.0
120.0,-11.999999999999943,0.0
121.0,-11.999999999999943,0.0
122.0,-11.999999999999943,0.0
123.0,-11.999999999999943,0.0
124.0,-11.999999999999943,0.0
125.0,-11.999999999999943,0.0
126.0,-11.999999999999943,0.0
127.0,-11.999999999999943,0.0
128.0,-11.999999999999943,0.0
129.0,-11.999999999999943,0.0
130.0,-11.999999999999943,0.0
131.0,-11.999999999999943,0.0
132.0,-11.999999999999943,0.0
133.0,-11.999999999999943,0.0
134.0,-11.999999999999943,0.0
135.0,-11.999999999999943,0.0
136.0,-11.999999999999943,0.0
137.0,-11.999999999999943,0.0
138.0,-11.999999999999943,0.0
139.0,-11.999999999999943,0.0
140.0,-11.999999999999943,0.0
141.0,-11.999999999999943,0.0
142.0,-11.999999999999943,0.0
143.0,-11.999999999999943,0.0
144.0,-11.999999999999943,0.0
145.0,-11.999999999999943,0.0
146.0,-11.999999999999943,0.0
147.0,-11.999999999999943,0.0
148.0,-11.999999999999943,0.0
149.0,-11.999999999999943,0.0
150.0,-11.999999999999943,0.0
151.0,-11.999999999999943,0.0
152.0,-11.999999999999943,0.0
153.0,-11.999999999999943,0.0
154.0,-11.999999999999943,0.0
155.0,-11.999999999999943,0.0
156.0,-11.999999999999943,0.0
157.0,-11.999999999999943,0.0
158.0,-11.999999999999943,0.0
159.0,-11.999999999999943,0.0
160.0,-11.999999999999943,0.0
161.0,-11.999999999999943,0.0
162.0,-11.999999999999943,0.0
163.0,-11.999999999999943,0.0
164.0,-11.999999999999943,0.0
165.0,-11.999999999999943,0.0
166.0,-11.999999999999943,0.0
167.0,-11.999999999999943,0.0
90.0,-10.999999999999943,0.0
91.0,-10.999999999999943,0.0
92.0,-10.999999999999943,0.0
93.0,-10.999999999999943,0.0
94.0,-10.999999999999943,0.0
95.0,-10.999999999999943,0.0
96.0,-10.999999999999943,0.0
97.0,-10.999999999999943,0.0
98.0,-10.999999999999943,0.0
99.0,-10.999999999999943,0.0
100.0,-10.999999999999943,0.0
101.0,-10.999999999999943,0.0
102.0,-10.999999999999943,0.0
103.0,-10.999999999999943,0.0
104.0,-10.999999999999943,0.0
105.0,-10.999999999999943,0.0
106.0,-10.999999999999943,0.0
107.0,-10.999999999999943,0.0
108.0,-10.999999999999943,0.0
109.0,-10.999999999999943,0.0
110.0,-10.999999999999943,0.0
111.0,-10.999999999999943,0.0
112.0,-10.999999999999943,0.0
113.0,-10.999999999999943,0.0
114.0,-10.999999999999943,0.0
115.0,-10.999999999999943,0.0
116.0,-10.999999999999943,0.0
117.0,-10.999999999999943,0.0
118.0,-10.999999999999943,0.0
119.0,-10.999999999999943,0.0
120.0,-10.999999999999943,0.0
121.0,-10.999999999999943,0.0
122.0,-10.999999999999943,0.0
123.0,-10.999999999999943,0.0
124.0,-10.999999999999943,0.0
125.0,-10.999999999999943,0.0
126.0,-10.999999999999943,0.0
127.0,-10.999999999999943,0.0
128.0,-10.999999999999943,0.0
129.0,-10.999999999999943,0.0
130.0,-10.999999999999943,0.0
131.0,-10.999999999999943,0.0
132.0,-10.999999999999943,0.0
133.0,-10.999999999999943,0.0
134.0,-10.999999999999943,0.0
135.0,-10.999999999999943,0.0
136.0,-10.999999999999943,0.0
137.0,-10.999999999999943,0.0
138.0,-10.999999999999943,0.0
139.0,-10.999999999999943,0.0
140.0,-10.999999999999943,0.0
141.0,-10.999999999999943,0.0
142.0,-10.999999999999943,0.0
143.0,-10.999999999999943,0.0
144.0,-10.999999999999943,0.0
145.0,-10.999999999999943,0.0
146.0,-10.999999999999943,0.0
147.0,-10.999999999999943,0.0
148.0,-10.999999999999943,0.0
149.0,-10.999999999999943,0.0
150.0,-10.999999999999943,0.0
151.0,-10.999999999999943,0.0
152.0,-10.999999999999943,0.0
153.0,-10.999999999999943,0.0
154.0,-10.999999999999943,0.0
155.0,-10.999999999999943,0.0
156.0,-10.999999999999943,0.0
157.0,-10.999999999999943,0.0
158.0,-10.999999999999943,0.0
159.0,-10.999999999999943,0.0
160.0,-10.999999999999943,0.0
161.0,-10.999999999999943,0.0
162.0,-10.999999999999943,0.0
163.0,-10.999999999999943,0.0
164.0,-10.999999999999943,0.0
165.0,-10.999999999999943,0.0
166.0,-10.999999999999943,0.0
167.0,-10.999999999999943,0.0
90.0,-9.999999999999943,0.0
91.0,-9.999999999999943,0.0
92.0,-9.999999999999943,0.0
93.0,-9.999999999999943,0.0
94.0,-9.999999999999943,0.0
95.0,-9.999999999999943,0.0
96.0,-9.999999999999943,0.0
97.0,-9.999999999999943,0.0
98.0,-9.999999999999943,0.0
99.0,-9.999999999999943,0.0
100.0,-9.999999999999943,0.0
101.0,-9.999999999999943,0.0
102.0,-9.999999999999943,0.0
103.0,-9.999999999999943,0.0
104.0,-9.999999999999943,0.0
105.0,-9.999999999999943,0.0
106.0,-9.999999999999943,0.0
107.0,-9.999999999999943,0.0
108.0,-9.999999999999943,0.0
109.0,-9.999999999999943,0.0
110.0,-9.999999999999943,1.0
111.0,-9.999999999999943,1.0
112.0,-9.999999999999943,0.0
113.0,-9.999999999999943,0.0
114.0,-9.999999999999943,0.0
115.0,-9.999999999999943,0.0
116.0,-9.999999999999943,0.0
117.0,-9.999999999999943,0.0
118.0,-9.999999999999943,0.0
119.0,-9.999999999999943,0.0
120.0,-9.999999999999943,0.0
121.0,-9.999999999999943,0.0
122.0,-9.999999999999943,0.0
123.0,-9.999999999999943,0.0
124.0,-9.999999999999943,0.0
125.0,-9.999999999999943,0.0
126.0,-9.999999999999943,0.0
127.0,-9.999999999999943,0.0
128.0,-9.999999999999943,0.0
129.0,-9.999999999999943,0.0
130.0,-9.999999999999943,0.0
131.0,-9.999999999999943,0.0
132.0,-9.999999999999943,0.0
133.0,-9.999999999999943,0.0
134.0,-9.999999999999943,0.0
135.0,-9.999999999999943,0.0
136.0,-9.999999999999943,0.0
137.0,-9.999999999999943,0.0
138.0,-9.999999999999943,0.0
139.0,-9.999999999999943,0.0
140.0,-9.999999999999943,0.0
141.0,-9.999999999999943,0.0
142.0,-9.999999999999943,0.0
143.0,-9.999999999999943,0.0
144.0,-9.999999999999943,0.0
145.0,-9.999999999999943,0.0
146.0,-9.999999999999943,0.0
147.0,-9.999999999999943,0.0
148.0,-9.999999999999943,0.0
149.0,-9.999999999999943,0.0
150.0,-9.999999999999943,0.0
151.0,-9.999999999999943,0.0
152.0,-9.999999999999943,0.0
153.0,-9.999999999999943,0.0
154.0,-9.999999999999943,0.0
155.0,-9.999999999999943,0.0
156.0,-9.999999999999943,0.0
157.0,-9.999999999999943,0.0
158.0,-9.999999999999943,0.0
159.0,-9.999999999999943,0.0
160.0,-9.999999999999943,0.0
161.0,-9.999999999999943,0.0
162.0,-9.999999999999943,0.0
163.0,-9.999999999999943,0.0
164.0,-9.999999999999943,0.0
165.0,-9.999999999999943,0.0
166.0,-9.999999999999943,0.0
167.0,-9.999999999999943,0.0
90.0,-8.999999999999943,0.0
91.0,-8.999999999999943,0.0
92.0,-8.999999999999943,0.0
93.0,-8.999999999999943,0.0
94.0,-8.999999999999943,0.0
95.0,-8.999999999999943,0.0
96.0,-8.999999999999943,0.0
97.0,-8.999999999999943,0.0
98.0,-8.999999999999943,0.0
99.0,-8.999999999999943,0.0
100.0,-8.999999999999943,0.0
101.0,-8.999999999999943,0.0
102.0,-8.999999999999943,0.0
103.0,-8.999999999999943,0.0
104.0,-8.999999999999943,0.0
105.0,-8.999999999999943,0.0
106.0,-8.999999999999943,0.0
107.0,-8.999999999999943,0.0
108.0,-8.999999999999943,1.0
109.0,-8.999999999999943,1.0
110.0,-8.999999999999943,1.0
111.0,-8.999999999999943,1.0
112.0,-8.999999999999943,1.0
113.0,-8.999999999999943,1.0
114.0,-8.999999999999943,0.0
115.0,-8.999999999999943,0.0
116.0,-8.999999999999943,0.0
117.0,-8.999999999999943,0.0
118.0,-8.999999999999943,0.0
119.0,-8.999999999999943,0.0
120.0,-8.999999999999943,0.0
121.0,-8.999999999999943,0.0
122.0,-8.999999999999943,0.0
123.0,-8.999999999999943,0.0
124.0,-8.999999999999943,0.0
125.0,-8.999999999999943,0.0
126.0,-8.999999999999943,0.0
127.0,-8.999999999999943,0.0
128.0,-8.999999999999943,0.0
129.0,-8.999999999999943,0.0
130.0,-8.999999999999943,0.0
131.0,-8.999999999999943,0.0
132.0,-8.999999999999943,0.0
133.0,-8.999999999999943,0.0
134.0,-8.999999999999943,0.0
135.0,-8.999999999999943,0.0
136.0,-8.999999999999943,0.0
137.0,-8.999999999999943,0.0
138.0,-8.999999999999943,0.0
139.0,-8.999999999999943,0.0
140.0,-8.999999999999943,0.0
141.0,-8.999999999999943,0.0
142.0,-8.999999999999943,0.0
143.0,-8.999999999999943,0.0
144.0,-8.999999999999943,0.0
145.0,-8.999999999999943,0.0
146.0,-8.999999999999943,0.0
147.0,-8.999999999999943,0.0
148.0,-8.999999999999943,0.0
149.0,-8.999999999999943,0.0
150.0,-8.999999999999943,0.0
151.0,-8.999999999999943,0.0
152.0,-8.999999999999943,0.0
153.0,-8.999999999999943,0.0
154.0,-8.999999999999943,0.0
155.0,-8.999999999999943,0.0
156.0,-8.999999999999943,0.0
157.0,-8.999999999999943,0.0
158.0,-8.999999999999943,0.0
159.0,-8.999999999999943,0.0
160.0,-8.999999999999943,0.0
161.0,-8.999999999999943,0.0
162.0,-8.999999999999943,0.0
163.0,-8.999999999999943,0.0
164.0,-8.999999999999943,0.0
165.0,-8.999999999999943,0.0
166.0,-8.999999999999943,0.0
167.0,-8.999999999999943,0.0
90.0,-7.999999999999943,0.0
91.0,-7.999999999999943,0.0
92.0,-7.999999999999943,0.0
93.0,-7.999999999999943,0.0
94.0,-7.999999999999943,0.0
95.0,-7.999999999999943,0.0
96.0,-7.999999999999943,0.0
97.0,-7.999999999999943,0.0
98.0,-7.999999999999943,0.0
99.0,-7.999999999999943,0.0
100.0,-7.999999999999943,0.0
101.0,-7.999999999999943,0.0
102.0,-7.999999999999943,0.0
103.0,-7.999999999999943,0.0
104.0,-7.999999999999943,0.0
105.0,-7.999999999999943,0.0
106.0,-7.999999999999943,1.0
107.0,-7.999999999999943,1.0
108.0,-7.999999999999943,1.0
109.0,-7.999999999999943,1.0
110.0,-7.999999999999943,1.0
111.0,-7.999999999999943,1.0
112.0,-7.999999999999943,1.0
113.0,-7.999999999999943,1.0
114.0,-7.999999999999943,1.0
115.0,-7.999999999999943,0.0
116.0,-7.999999999999943,0.0
117.0,-7.999999999999943,0.0
118.0,-7.999999999999943,0.0
119.0,-7.999999999999943,0.0
120.0,-7.999999999999943,0.0
121.0,-7.999999999999943,0.0
122.0,-7.999999999999943,0.0
123.0,-7.999999999999943,0.0
124.0,-7.999999999999943,0.0
125.0,-7.999999999999943,0.0
126.0,-7.999999999999943,0.0
127.0,-7.999999999999943,0.0
128.0,-7.999999999999943,0.0
129.0,-7.999999999999943,0.0
130.0,-7.999999999999943,0.0
131.0,-7.999999999999943,0.0
132.0,-7.999999999999943,0.0
133.0,-7.999999999999943,0.0
134.0,-7.999999999999943,0.0
135.0,-7.999999999999943,0.0
136.0,-7.999999999999943,0.0
137.0,-7.999999999999943,0.0
138.0,-7.999999999999943,0.0
139.0,-7.999999999999943,0.0
140.0,-7.999999999999943,0.0
141.0,-7.999999999999943,0.0
142.0,-7.999999999999943,0.0
143.0,-7.999999999999943,0.0
144.0,-7.999999999999943,0.0
145.0,-7.999999999999943,0.0
146.0,-7.999999999999943,0.0
147.0,-7.999999999999943,0.0
148.0,-7.999999999999943,0.0
149.0,-7.999999999999943,0.0
150.0,-7.999999999999943,0.0
151.0,-7.999999999999943,0.0
152.0,-7.999999999999943,0.0
153.0,-7.999999999999943,0.0
154.0,-7.999999999999943,0.0
155.0,-7.999999999999943,0.0
156.0,-7.999999999999943,0.0
157.0,-7.999999999999943,0.0
158.0,-7.999999999999943,0.0
159.0,-7.999999999999943,0.0
160.0,-7.999999999999943,0.0
161.0,-7.999999999999943,0.0
162.0,-7.999999999999943,0.0
163.0,-7.999999999999943,0.0
164.0,-7.999999999999943,0.0
165.0,-7.999999999999943,0.0
166.0,-7.999999999999943,0.0
167.0,-7.999999999999943,0.0
90.0,-6.999999999999943,0.0
91.0,-6.999999999999943,0.0
92.0,-6.999999999999943,0.0
93.0,-6.999999999999943,0.0
94.0,-6.999999999999943,0.0
95.0,-6.999999999999943,0.0
96.0,-6.999999999999943,0.0
97.0,-6.999999999999943,0.0
98.0,-6.999999999999943,0.0
99.0,-6.999999999999943,0.0
100.0,-6.999999999999943,0.0
101.0,-6.999999999999943,0.0
102.0,-6.999999999999943,0.0
103.0,-6.999999999999943,0.0
104.0,-6.999999999999943,0.0
105.0,-6.999999999999943,1.0
106.0,-6.999999999999943,1.0
107.0,-6.999999999999943,1.0
108.0,-6.999999999999943,1.0
109.0,-6.999999999999943,1.0
110.0,-6.999999999999943,1.0
111.0,-6.999999999999943,1.0
112.0,-6.999999999999943,1.0
113.0,-6.999999999999943,1.0
114.0,-6.999999999999943,0.0
115.0,-6.999999999999943,0.0
116.0,-6.999999999999943,0.0
117.0,-6.999999999999943,0.0
118.0,-6.999999999999943,0.0
119.0,-6.999999999999943,0.0
120.0,-6.999999999999943,0.0
121.0,-6.999999999999943,0.0
122.0,-6.999999999999943,0.0
123.0,-6.999999999999943,0.0
124.0,-6.999999999999943,0.0
125.0,-6.999999999999943,0.0
126.0,-6.999999999999943,0.0
127.0,-6.999999999999943,0.0
128.0,-6.999999999999943,0.0
129.0,-6.999999999999943,0.0
130.0,-6.999999999999943,0.0
131.0,-6.999999999999943,0.0
132.0,-6.999999999999943,0.0
133.0,-6.999999999999943,0.0
134.0,-6.999999999999943,0.0
135.0,-6.999999999999943,0.0
136.0,-6.999999999999943,0.0
137.0,-6.999999999999943,0.0
138.0,-6.999999999999943,0.0
139.0,-6.999999999999943,0.0
140.0,-6.999999999999943,0.0
141.0,-6.999999999999943,0.0
142.0,-6.999999999999943,0.0
143.0,-6.999999999999943,0.0
144.0,-6.999999999999943,0.0
145.0,-6.999999999999943,0.0
146.0,-6.999999999999943,0.0
147.0,-6.999999999999943,0.0
148.0,-6.999999999999943,0.0
149.0,-6.999999999999943,0.0
150.0,-6.999999999999943,0.0
151.0,-6.999999999999943,0.0
152.0,-6.999999999999943,0.0
153.0,-6.999999999999943,0.0
154.0,-6.999999999999943,0.0
155.0,-6.999999999999943,0.0
156.0,-6.999999999999943,0.0
157.0,-6.999999999999943,0.0
158.0,-6.999999999999943,0.0
159.0,-6.999999999999943,0.0
160.0,-6.999999999999943,0.0
161.0,-6.999999999999943,0.0
162.0,-6.999999999999943,0.0
163.0,-6.999999999999943,0.0
164.0,-6.999999999999943,0.0
165.0,-6.999999999999943,0.0
166.0,-6.999999999999943,0.0
167.0,-6.999999999999943,0.0
90.0,-5.999999999999943,0.0
91.0,-5.999999999999943,0.0
92.0,-5.999999999999943,0.0
93.0,-5.999999999999943,0.0
94.0,-5.999999999999943,0.0
95.0,-5.999999999999943,0.0
96.0,-5.999999999999943,0.0
97.0,-5.999999999999943,0.0
98.0,-5.999999999999943,0.0
99.0,-5.999999999999943,0.0
100.0,-5.999999999999943,0.0
101.0,-5.999999999999943,0.0
102.0,-5.999999999999943,1.0
103.0,-5.999999999999943,1.0
104.0,-5.999999999999943,1.0
105.0,-5.999999999999943,1.0
106.0,-5.999999999999943,1.0
107.0,-5.999999999999943,1.0
108.0,-5.999999999999943,1.0
109.0,-5.999999999999943,0.0
110.0,-5.999999999999943,0.0
111.0,-5.999999999999943,0.0
112.0,-5.999999999999943,0.0
113.0,-5.999999999999943,0.0
114.0,-5.999999999999943,0.0
115.0,-5.999999999999943,0.0
116.0,-5.999999999999943,0.0
117.0,-5.999999999999943,0.0
118.0,-5.999999999999943,0.0
119.0,-5.999999999999943,0.0
120.0,-5.999999999999943,0.0
121.0,-5.999999999999943,0.0
122.0,-5.999999999999943,0.0
123.0,-5.999999999999943,0.0
124.0,-5.999999999999943,0.0
125.0,-5.999999999999943,0.0
126.0,-5.999999999999943,0.0
127.0,-5.999999999999943,0.0
128.0,-5.999999999999943,0.0
129.0,-5.999999999999943,0.0
130.0,-5.999999999999943,0.0
131.0,-5.999999999999943,0.0
132.0,-5.999999999999943,0.0
133.0,-5.999999999999943,0.0
134.0,-5.999999999999943,0.0
135.0,-5.999999999999943,0.0
136.0,-5.999999999999943,0.0
137.0,-5.999999999999943,0.0
138.0,-5.999999999999943,0.0
139.0,-5.999999999999943,0.0
140.0,-5.999999999999943,0.0
141.0,-5.999999999999943,0.0
142.0,-5.999999999999943,0.0
143.0,-5.999999999999943,0.0
144.0,-5.999999999999943,0.0
145.0,-5.999999999999943,0.0
146.0,-5.999999999999943,0.0
147.0,-5.999999999999943,0.0
148.0,-5.999999999999943,0.0
149.0,-5.999999999999943,0.0
150.0,-5.999999999999943,0.0
151.0,-5.999999999999943,0.0
152.0,-5.999999999999943,0.0
153.0,-5.999999999999943,0.0
154.0,-5.999999999999943,0.0
155.0,-5.999999999999943,0.0
156.0,-5.999999999999943,0.0
157.0,-5.999999999999943,0.0
158.0,-5.999999999999943,0.0
159.0,-5.999999999999943,0.0
160.0,-5.999999999999943,0.0
161.0,-5.999999999999943,0.0
162.0,-5.999999999999943,0.0
163.0,-5.999999999999943,0.0
164.0,-5.999999999999943,0.0
165.0,-5.999999999999943,0.0
166.0,-5.999999999999943,0.0
167.0,-5.999999999999943,0.0
90.0,-4.999999999999943,0.0
91.0,-4.999999999999943,0.0
92.0,-4.999999999999943,0.0
93.0,-4.999999999999943,0.0
94.0,-4.999999999999943,0.0
95.0,-4.999999999999943,0.0
96.0,-4.999999999999943,0.0
97.0,-4.999999999999943,0.0
98.0,-4.999999999999943,0.0
99.0,-4.999999999999943,0.0
100.0,-4.999999999999943,1.0
101.0,-4.999999999999943,1.0
102.0,-4.999999999999943,1.0
103.0,-4.999999999999943,1.0
104.0,-4.999999999999943,1.0
105.0,-4.999999999999943,1.0
106.0,-4.999999999999943,1.0
107.0,-4.999999999999943,1.0
108.0,-4.999999999999943,0.0
109.0,-4.999999999999943,0.0
110.0,-4.999999999999943,0.0
111.0,-4.999999999999943,0.0
112.0,-4.999999999999943,0.0
113.0,-4.999999999999943,0.0
114.0,-4.999999999999943,0.0
115.0,-4.999999999999943,0.0
116.0,-4.999999999999943,0.0
117.0,-4.999999999999943,0.0
118.0,-4.999999999999943,0.0
119.0,-4.999999999999943,0.0
120.0,-4.999999999999943,0.0
121.0,-4.999999999999943,0.0
122.0,-4.999999999999943,0.0
123.0,-4.999999999999943,0.0
124.0,-4.999999999999943,0.0
125.0,-4.999999999999943,0.0
126.0,-4.999999999999943,0.0
127.0,-4.999999999999943,0.0
128.0,-4.999999999999943,0.0
129.0,-4.999999999999943,0.0
130.0,-4.999999999999943,0.0
131.0,-4.999999999999943,0.0
132.0,-4.999999999999943,0.0
133.0,-4.999999999999943,0.0
134.0,-4.999999999999943,0.0
135.0,-4.999999999999943,0.0
136.0,-4.999999999999943,0.0
137.0,-4.999999999999943,0.0
138.0,-4.999999999999943,0.0
139.0,-4.999999999999943,0.0
140.0,-4.999999999999943,0.0
141.0,-4.999999999999943,0.0
142.0,-4.999999999999943,0.0
143.0,-4.999999999999943,0.0
144.0,-4.999999999999943,0.0
145.0,-4.999999999999943,0.0
146.0,-4.999999999999943,0.0
147.0,-4.999999999999943,0.0
148.0,-4.999999999999943,0.0
149.0,-4.999999999999943,0.0
150.0,-4.999999999999943,0.0
151.0,-4.999999999999943,0.0
152.0,-4.999999999999943,0.0
153.0,-4.999999999999943,0.0
154.0,-4.999999999999943,0.0
155.0,-4.999999999999943,0.0
156.0,-4.999999999999943,0.0
157.0,-4.999999999999943,0.0
158.0,-4.999999999999943,0.0
159.0,-4.999999999999943,0.0
160.0,-4.999999999999943,0.0
161.0,-4.999999999999943,0.0
162.0,-4.999999999999943,0.0
163.0,-4.999999999999943,0.0
164.0,-4.999999999999943,0.0
165.0,-4.999999999999943,0.0
166.0,-4.999999999999943,0.0
167.0,-4.999999999999943,0.0
90.0,-3.999999999999943,0.0
91.0,-3.999999999999943,0.0
92.0,-3.999999999999943,0.0
93.0,-3.999999999999943,0.0
94.0,-3.999999999999943,0.0
95.0,-3.999999999999943,0.0
96.0,-3.999999999999943,0.0
97.0,-3.999999999999943,0.0
98.0,-3.999999999999943,1.0
99.0,-3.999999999999943,1.0
100.0,-3.999999999999943,1.0
101.0,-3.999999999999943,1.0
102.0,-3.999999999999943,1.0
103.0,-3.999999999999943,1.0
104.0,-3.999999999999943,1.0
105.0,-3.999999999999943,1.0
106.0,-3.999999999999943,1.0
107.0,-3.999999999999943,1.0
108.0,-3.999999999999943,0.0
109.0,-3.999999999999943,0.0
110.0,-3.999999999999943,0.0
111.0,-3.999999999999943,0.0
112.0,-3.999999999999943,0.0
113.0,-3.999999999999943,0.0
114.0,-3.999999999999943,0.0
115.0,-3.999999999999943,0.0
116.0,-3.999999999999943,0.0
117.0,-3.999999999999943,0.0
118.0,-3.999999999999943,0.0
119.0,-3.999999999999943,0.0
120.0,-3.999999999999943,0.0
121.0,-3.999999999999943,0.0
122.0,-3.999999999999943,0.0
123.0,-3.999999999999943,0.0
124.0,-3.999999999999943,0.0
125.0,-3.999999999999943,0.0
126.0,-3.999999999999943,0.0
127.0,-3.999999999999943,0.0
128.0,-3.999999999999943,0.0
129.0,-3.999999999999943,0.0
130.0,-3.999999999999943,0.0
131.0,-3.999999999999943,0.0
132.0,-3.999999999999943,0.0
133.0,-3.999999999999943,0.0
134.0,-3.999999999999943,0.0
135.0,-3.999999999999943,0.0
136.0,-3.999999999999943,0.0
137.0,-3.999999999999943,0.0
138.0,-3.999999999999943,0.0
139.0,-3.999999999999943,0.0
140.0,-3.999999999999943,0.0
141.0,-3.999999999999943,0.0
142.0,-3.999999999999943,0.0
143.0,-3.999999999999943,0.0
144.0,-3.999999999999943,0.0
145.0,-3.999999999999943,0.0
146.0,-3.999999999999943,0.0
147.0,-3.999999999999943,0.0
148.0,-3.999999999999943,0.0
149.0,-3.999999999999943,0.0
150.0,-3.999999999999943,0.0
151.0,-3.999999999999943,0.0
152.0,-3.999999999999943,0.0
153.0,-3.999999999999943,0.0
154.0,-3.999999999999943,0.0
155.0,-3.999999999999943,0.0
156.0,-3.999999999999943,0.0
157.0,-3.999999999999943,0.0
158.0,-3.999999999999943,0.0
159.0,-3.999999999999943,0.0
160.0,-3.999999999999943,0.0
161.0,-3.999999999999943,0.0
162.0,-3.999999999999943,0.0
163.0,-3.999999999999943,0.0
164.0,-3.999999999999943,0.0
165.0,-3.999999999999943,0.0
166.0,-3.999999999999943,0.0
167.0,-3.999999999999943,0.0
90.0,-2.999999999999943,0.0
91.0,-2.999999999999943,0.0
92.0,-2.999999999999943,0.0
93.0,-2.999999999999943,0.0
94.0,-2.999999999999943,1.0
95.0,-2.999999999999943,1.0
96.0,-2.999999999999943,1.0
97.0,-2.999999999999943,1.0
98.0,-2.999999999999943,1.0
99.0,-2.999999999999943,1.0
100.0,-2.999999999999943,1.0
101.0,-2.999999999999943,1.0
102.0,-2.999999999999943,1.0
103.0,-2.999999999999943,1.0
104.0,-2.999999999999943,0.0
105.0,-2.999999999999943,1.0
106.0,-2.999999999999943,1.0
107.0,-2.999999999999943,1.0
108.0,-2.999999999999943,1.0
109.0,-2.999999999999943,0.0
110.0,-2.999999999999943,0.0
111.0,-2.999999999999943,1.0
112.0,-2.999999999999943,1.0
113.0,-2.999999999999943,1.0
114.0,-2.999999999999943,1.0
115.0,-2.999999999999943,0.0
116.0,-2.999999999999943,0.0
117.0,-2.999999999999943,0.0
118.0,-2.999999999999943,1.0
119.0,-2.999999999999943,1.0
120.0,-2.999999999999943,1.0
121.0,-2.999999999999943,1.0
122.0,-2.999999999999943,0.0
123.0,-2.999999999999943,0.0
124.0,-2.999999999999943,0.0
125.0,-2.999999999999943,0.0
126.0,-2.999999999999943,0.0
127.0,-2.999999999999943,0.0
128.0,-2.999999999999943,0.0
129.0,-2.999999999999943,0.0
130.0,-2.999999999999943,0.0
131.0,-2.999999999999943,0.0
132.0,-2.999999999999943,0.0
133.0,-2.999999999999943,0.0
134.0,-2.999999999999943,0.0
135.0,-2.999999999999943,0.0
136.0,-2.999999999999943,0.0
137.0,-2.999999999999943,0.0
138.0,-2.999999999999943,0.0
139.0,-2.999999999999943,0.0
140.0,-2.999999999999943,0.0
141.0,-2.999999999999943,0.0
142.0,-2.999999999999943,0.0
143.0,-2.999999999999943,0.0
144.0,-2.999999999999943,0.0
145.0,-2.999999999999943,0.0
146.0,-2.999999999999943,0.0
147.0,-2.999999999999943,0.0
148.0,-2.999999999999943,0.0
149.0,-2.999999999999943,0.0
150.0,-2.999999999999943,0.0
151.0,-2.999999999999943,0.0
152.0,-2.999999999999943,0.0
153.0,-2.999999999999943,0.0
154.0,-2.999999999999943,0.0
155.0,-2.999999999999943,0.0
156.0,-2.999999999999943,0.0
157.0,-2.999999999999943,0.0
158.0,-2.999999999999943,0.0
159.0,-2.999999999999943,0.0
160.0,-2.999999999999943,0.0
161.0,-2.999999999999943,0.0
162.0,-2.999999999999943,0.0
163.0,-2.999999999999943,0.0
164.0,-2.999999999999943,0.0
165.0,-2.999999999999943,0.0
166.0,-2.999999999999943,0.0
167.0,-2.999999999999943,0.0
90.0,-1.9999999999999432,0.0
91.0,-1.9999999999999432,0.0
92.0,-1.9999999999999432,1.0
93.0,-1.9999999999999432,1.0
94.0,-1.9999999999999432,1.0
95.0,-1.9999999999999432,1.0
96.0,-1.9999999999999432,1.0
97.0,-1.9999999999999432,1.0
98.0,-1.9999999999999432,1.0
99.0,-1.9999999999999432,1.0
100.0,-1.9999999999999432,1.0
101.0,-1.9999999999999432,1.0
102.0,-1.9999999999999432,0.0
103.0,-1.9999999999999432,0.0
104.0,-1.9999999999999432,0.0
105.0,-1.9999999999999432,1.0
106.0,-1.9999999999999432,1.0
107.0,-1.9999999999999432,1.0
108.0,-1.9999999999999432,1.0
109.0,-1.9999999999999432,1.0
110.0,-1.9999999999999432,1.0
111.0,-1.9999999999999432,1.0
112.0,-1.9999999999999432,1.0
113.0,-1.9999999999999432,1.0
114.0,-1.9999999999999432,1.0
115.0,-1.9999999999999432,1.0
116.0,-1.9999999999999432,1.0
117.0,-1.9999999999999432,1.0
118.0,-1.9999999999999432,1.0
119.0,-1.9999999999999432,1.0
120.0,-1.9999999999999432,1.0
121.0,-1.9999999999999432,1.0
122.0,-1.9999999999999432,0.0
123.0,-1.9999999999999432,0.0
124.0,-1.9999999999999432,0.0
125.0,-1.9999999999999432,0.0
126.0,-1.9999999999999432,0.0
127.0,-1.9999999999999432,0.0
128.0,-1.9999999999999432,0.0
129.0,-1.9999999999999432,0.0
130.0,-1.9999999999999432,0.0
131.0,-1.9999999999999432,0.0
132.0,-1.9999999999999432,0.0
133.0,-1.9999999999999432,0.0
134.0,-1.9999999999999432,0.0
135.0,-1.9999999999999432,0.0
136.0,-1.9999999999999432,0.0
137.0,-1.9999999999999432,0.0
138.0,-1.9999999999999432,0.0
139.0,-1.9999999999999432,0.0
140.0,-1.9999999999999432,0.0
141.0,-1.9999999999999432,0.0
142.0,-1.9999999999999432,0.0
143.0,-1.9999999999999432,0.0
144.0,-1.9999999999999432,0.0
145.0,-1.9999999999999432,0.0
146.0,-1.9999999999999432,0.0
147.0,-1.9999999999999432,0.0
148.0,-1.9999999999999432,0.0
149.0,-1.9999999999999432,0.0
150.0,-1.9999999999999432,0.0
151.0,-1.9999999999999432,0.0
152.0,-1.9999999999999432,0.0
153.0,-1.9999999999999432,0.0
154.0,-1.9999999999999432,0.0
155.0,-1.9999999999999432,0.0
156.0,-1.9999999999999432,0.0
157.0,-1.9999999999999432,0.0
158.0,-1.9999999999999432,0.0
159.0,-1.9999999999999432,0.0
160.0,-1.9999999999999432,0.0
161.0,-1.9999999999999432,0.0
162.0,-1.9999999999999432,0.0
163.0,-1.9999999999999432,0.0
164.0,-1.9999999999999432,0.0
165.0,-1.9999999999999432,0.0
166.0,-1.9999999999999432,0.0
167.0,-1.9999999999999432,0.0
90.0,-0.9999999999999432,0.0
91.0,-0.9999999999999432,1.0
92.0,-0.9999999999999432,1.0
93.0,-0.9999999999999432,1.0
94.0,-0.9999999999999432,1.0
95.0,-0.9999999999999432,1.0
96.0,-0.9999999999999432,1.0
97.0,-0.9999999999999432,1.0
98.0,-0.9999999999999432,1.0
99.0,-0.9999999999999432,0.0
100.0,-0.9999999999999432,0.0
101.0,-0.9999999999999432,0.0
102.0,-0.9999999999999432,0.0
103.0,-0.9999999999999432,0.0
104.0,-0.9999999999999432,0.0
105.0,-0.9999999999999432,0.0
106.0,-0.9999999999999432,1.0
107.0,-0.9999999999999432,1.0
108.0,-0.9999999999999432,1.0
109.0,-0.9999999999999432,1.0
110.0,-0.9999999999999432,1.0
111.0,-0.9999999999999432,1.0
112.0,-0.9999999999999432,1.0
113.0,-0.9999999999999432,1.0
114.0,-0.9999999999999432,1.0
115.0,-0.9999999999999432,1.0
116.0,-0.9999999999999432,1.0
117.0,-0.9999999999999432,1.0
118.0,-0.9999999999999432,1.0
119.0,-0.9999999999999432,1.0
120.0,-0.9999999999999432,1.0
121.0,-0.9999999999999432,1.0
122.0,-0.9999999999999432,0.0
123.0,-0.9999999999999432,0.0
124.0,-0.9999999999999432,0.0
125.0,-0.9999999999999432,0.0
126.0,-0.9999999999999432,0.0
127.0,-0.9999999999999432,0.0
128.0,-0.9999999999999432,0.0
129.0,-0.9999999999999432,0.0
130.0,-0.9999999999999432,0.0
131.0,-0.9999999999999432,0.0
132.0,-0.9999999999999432,0.0
133.0,-0.9999999999999432,0.0
134.0,-0.9999999999999432,0.0
135.0,-0.9999999999999432,0.0
136.0,-0.9999999999999432,0.0
137.0,-0.9999999999999432,0.0
138.0,-0.9999999999999432,0.0
139.0,-0.9999999999999432,0.0
140.0,-0.9999999999999432,0.0
141.0,-0.9999999999999432,0.0
142.0,-0.9999999999999432,0.0
143.0,-0.9999999999999432,0.0
144.0,-0.9999999999999432,0.0
145.0,-0.9999999999999432,0.0
146.0,-0.9999999999999432,0.0
147.0,-0.9999999999999432,0.0
148.0,-0.9999999999999432,0.0
149.0,-0.9999999999999432,0.0
150.0,-0.9999999999999432,0.0
151.0,-0.9999999999999432,0.0
152.0,-0.9999999999999432,0.0
153.0,-0.9999999999999432,0.0
154.0,-0.9999999999999432,0.0
155.0,-0.9999999999999432,0.0
156.0,-0.9999999999999432,0.0
157.0,-0.9999999999999432,0.0
158.0,-0.9999999999999432,0.0
159.0,-0.9999999999999432,0.0
160.0,-0.9999999999999432,0.0
161.0,-0.9999999999999432,0.0
162.0,-0.9999999999999432,0.0
163.0,-0.9999999999999432,0.0
164.0,-0.9999999999999432,0.0
165.0,-0.9999999999999432,0.0
166.0,-0.9999999999999432,0.0
167.0,-0.9999999999999432,0.0
90.0,5.684341886080802e-14,0.0
91.0,5.684341886080802e-14,1.0
92.0,5.684341886080802e-14,1.0
93.0,5.684341886080802e-14,1.0
94.0,5.684341886080802e-14,1.0
95.0,5.684341886080802e-14,1.0
96.0,5.684341886080802e-14,0.0
97.0,5.684341886080802e-14,0.0
98.0,5.684341886080802e-14,0.0
99.0,5.684341886080802e-14,0.0
100.0,5.684341886080802e-14,0.0
101.0,5.684341886080802e-14,0.0
102.0,5.684341886080802e-14,0.0
103.0,5.684341886080802e-14,0.0
104.0,5.684341886080802e-14,0.0
105.0,5.684341886080802e-14,0.0
106.0,5.684341886080802e-14,0.0
107.0,5.684341886080802e-14,0.0
108.0,5.684341886080802e-14,1.0
109.0,5.684341886080802e-14,1.0
110.0,5.684341886080802e-14,1.0
111.0,5.684341886080802e-14,1.0
112.0,5.684341886080802e-14,0.0
113.0,5.684341886080802e-14,1.0
114.0,5.684341886080802e-14,1.0
115.0,5.684341886080802e-14,1.0
116.0,5.684341886080802e-14,1.0
117.0,5.684341886080802e-14,1.0
118.0,5.684341886080802e-14,1.0
119.0,5.684341886080802e-14,1.0
120.0,5.684341886080802e-14,1.0
121.0,5.684341886080802e-14,1.0
122.0,5.684341886080802e-14,0.0
123.0,5.684341886080802e-14,0.0
124.0,5.684341886080802e-14,0.0
125.0,5.684341886080802e-14,0.0
126.0,5.684341886080802e-14,0.0
127.0,5.684341886080802e-14,0.0
128.0,5.684341886080802e-14,0.0
129.0,5.684341886080802e-14,0.0
130.0,5.684341886080802e-14,0.0
131.0,5.684341886080802e-14,0.0
132.0,5.684341886080802e-14,0.0
133.0,5.684341886080802e-14,0.0
134.0,5.684341886080802e-14,0.0
135.0,5.684341886080802e-14,0.0
136.0,5.684341886080802e-14,0.0
137.0,5.684341886080802e-14,0.0
138.0,5.684341886080802e-14,0.0
139.0,5.684341886080802e-14,0.0
140.0,5.684341886080802e-14,0.0
141.0,5.684341886080802e-14,0.0
142.0,5.684341886080802e-14,0.0
143.0,5.684341886080802e-14,0.0
144.0,5.684341886080802e-14,0.0
145.0,5.684341886080802e-14,0.0
146.0,5.684341886080802e-14,0.0
147.0,5.684341886080802e-14,0.0
148.0,5.684341886080802e-14,0.0
149.0,5.684341886080802e-14,0.0
150.0,5.684341886080802e-14,0.0
151.0,5.684341886080802e-14,0.0
152.0,5.684341886080802e-14,0.0
153.0,5.684341886080802e-14,0.0
154.0,5.684341886080802e-14,0.0
155.0,5.684341886080802e-14,0.0
156.0,5.684341886080802e-14,0.0
157.0,5.684341886080802e-14,0.0
158.0,5.684341886080802e-14,0.0
159.0,5.684341886080802e-14,0.0
160.0,5.684341886080802e-14,0.0
161.0,5.684341886080802e-14,0.0
162.0,5.684341886080802e-14,0.0
163.0,5.684341886080802e-14,0.0
164.0,5.684341886080802e-14,0.0
165.0,5.684341886080802e-14,0.0
166.0,5.684341886080802e-14,0.0
167.0,5.684341886080802e-14,0.0
90.0,1.0000000000000568,0.0
91.0,1.0000000000000568,1.0
92.0,1.0000000000000568,1.0
93.0,1.0000000000000568,0.0
94.0,1.0000000000000568,0.0
95.0,1.0000000000000568,0.0
96.0,1.0000000000000568,0.0
97.0,1.0000000000000568,0.0
98.0,1.0000000000000568,0.0
99.0,1.0000000000000568,0.0
100.0,1.0000000000000568,0.0
101.0,1.0000000000000568,0.0
102.0,1.0000000000000568,0.0
103.0,1.0000000000000568,0.0
104.0,1.0000000000000568,0.0
105.0,1.0000000000000568,0.0
106.0,1.0000000000000568,0.0
107.0,1.0000000000000568,0.0
108.0,1.0000000000000568,1.0
109.0,1.0000000000000568,1.0
110.0,1.0000000000000568,1.0
111.0,1.0000000000000568,1.0
112.0,1.0000000000000568,0.0
113.0,1.0000000000000568,1.0
114.0,1.0000000000000568,1.0
115.0,1.0000000000000568,1.0
116.0,1.0000000000000568,1.0
117.0,1.0000000000000568,1.0
118.0,1.0000000000000568,1.0
119.0,1.0000000000000568,1.0
120.0,1.0000000000000568,1.0
121.0,1.0000000000000568,1.0
122.0,1.0000000000000568,0.0
123.0,1.0000000000000568,0.0
124.0,1.0000000000000568,0.0
125.0,1.0000000000000568,0.0
126.0,1.0000000000000568,0.0
127.0,1.0000000000000568,0.0
128.0,1.0000000000000568,0.0
129.0,1.0000000000000568,0.0
130.0,1.0000000000000568,0.0
131.0,1.0000000000000568,0.0
132.0,1.0000000000000568,0.0
133.0,1.0000000000000568,0.0
134.0,1.0000000000000568,0.0
135.0,1.0000000000000568,0.0
136.0,1.0000000000000568,0.0
137.0,1.0000000000000568,0.0
138.0,1.0000000000000568,0.0
139.0,1.0000000000000568,0.0
140.0,1.0000000000000568,0.0
141.0,1.0000000000000568,0.0
142.0,1.0000000000000568,0.0
143.0,1.0000000000000568,0.0
144.0,1.0000000000000568,0.0
145.0,1.0000000000000568,0.0
146.0,1.0000000000000568,0.0
147.0,1.0000000000000568,0.0
148.0,1.0000000000000568,0.0
149.0,1.0000000000000568,0.0
150.0,1.0000000000000568,0.0
151.0,1.0000000000000568,0.0
152.0,1.0000000000000568,0.0
153.0,1.0000000000000568,0.0
154.0,1.0000000000000568,0.0
155.0,1.0000000000000568,0.0
156.0,1.0000000000000568,0.0
157.0,1.0000000000000568,0.0
158.0,1.0000000000000568,0.0
159.0,1.0000000000000568,0.0
160.0,1.0000000000000568,0.0
161.0,1.0000000000000568,0.0
162.0,1.0000000000000568,0.0
163.0,1.0000000000000568,0.0
164.0,1.0000000000000568,0.0
165.0,1.0000000000000568,0.0
166.0,1.0000000000000568,0.0
167.0,1.0000000000000568,0.0
90.0,2.000000000000057,0.0
91.0,2.000000000000057,0.0
92.0,2.000000000000057,0.0
93.0,2.000000000000057,0.0
94.0,2.000000000000057,0.0
95.0,2.000000000000057,0.0
96.0,2.000000000000057,0.0
97.0,2.000000000000057,0.0
98.0,2.000000000000057,0.0
99.0,2.000000000000057,0.0
100.0,2.000000000000057,0.0
101.0,2.000000000000057,0.0
102.0,2.000000000000057,0.0
103.0,2.000000000000057,0.0
104.0,2.000000000000057,0.0
105.0,2.000000000000057,0.0
106.0,2.000000000000057,0.0
107.0,2.000000000000057,1.0
108.0,2.000000000000057,1.0
109.0,2.000000000000057,1.0
110.0,2.000000000000057,1.0
111.0,2.000000000000057,0.0
112.0,2.000000000000057,1.0
113.0,2.000000000000057,1.0
114.0,2.000000000000057,1.0
115.0,2.000000000000057,1.0
116.0,2.000000000000057,0.0
117.0,2.000000000000057,0.0
118.0,2.000000000000057,0.0
119.0,2.000000000000057,0.0
120.0,2.000000000000057,0.0
121.0,2.000000000000057,0.0
122.0,2.000000000000057,0.0
123.0,2.000000000000057,0.0
124.0,2.000000000000057,0.0
125.0,2.000000000000057,0.0
126.0,2.000000000000057,0.0
127.0,2.000000000000057,0.0
128.0,2.000000000000057,0.0
129.0,2.000000000000057,0.0
130.0,2.000000000000057,0.0
131.0,2.000000000000057,0.0
132.0,2.000000000000057,0.0
133.0,2.000000000000057,0.0
134.0,2.000000000000057,0.0
135.0,2.000000000000057,0.0
136.0,2.000000000000057,0.0
137.0,2.000000000000057,0.0
138.0,2.000000000000057,0.0
139.0,2.000000000000057,0.0
140.0,2.000000000000057,0.0
141.0,2.000000000000057,0.0
142.0,2.000000000000057,0.0
143.0,2.000000000000057,0.0
144.0,2.000000000000057,0.0
145.0,2.000000000000057,0.0
146.0,2.000000000000057,0.0
147.0,2.000000000000057,0.0
148.0,2.000000000000057,0.0
149.0,2.000000000000057,0.0
150.0,2.000000000000057,0.0
151.0,2.000000000000057,0.0
152.0,2.000000000000057,0.0
153.0,2.000000000000057,0.0
154.0,2.000000000000057,0.0
155.0,2.000000000000057,0.0
156.0,2.000000000000057,0.0
157.0,2.000000000000057,0.0
158.0,2.000000000000057,0.0
159.0,2.000000000000057,0.0
160.0,2.000000000000057,0.0
161.0,2.000000000000057,0.0
162.0,2.000000000000057,0.0
163.0,2.000000000000057,0.0
164.0,2.000000000000057,0.0
165.0,2.000000000000057,0.0
166.0,2.000000000000057,0.0
167.0,2.000000000000057,0.0
90.0,3.000000000000057,0.0
91.0,3.000000000000057,0.0
92.0,3.000000000000057,0.0
93.0,3.000000000000057,0.0
94.0,3.000000000000057,0.0
95.0,3.000000000000057,0.0
96.0,3.000000000000057,0.0
97.0,3.000000000000057,0.0
98.0,3.000000000000057,0.0
99.0,3.000000000000057,0.0
100.0,3.000000000000057,0.0
101.0,3.000000000000057,0.0
102.0,3.000000000000057,0.0
103.0,3.000000000000057,0.0
104.0,3.000000000000057,0.0
105.0,3.000000000000057,1.0
106.0,3.000000000000057,1.0
107.0,3.000000000000057,1.0
108.0,3.000000000000057,1.0
109.0,3.000000000000057,1.0
110.0,3.000000000000057,0.0
111.0,3.000000000000057,0.0
112.0,3.000000000000057,1.0
113.0,3.000000000000057,1.0
114.0,3.000000000000057,1.0
115.0,3.000000000000057,0.0
116.0,3.000000000000057,0.0
117.0,3.000000000000057,0.0
118.0,3.000000000000057,0.0
119.0,3.000000000000057,0.0
120.0,3.000000000000057,0.0
121.0,3.000000000000057,0.0
122.0,3.000000000000057,0.0
123.0,3.000000000000057,0.0
124.0,3.000000000000057,0.0
125.0,3.000000000000057,0.0
126.0,3.000000000000057,0.0
127.0,3.000000000000057,0.0
128.0,3.000000000000057,0.0
129.0,3.000000000000057,0.0
130.0,3.000000000000057,0.0
131.0,3.000000000000057,0.0
132.0,3.000000000000057,0.0
133.0,3.000000000000057,0.0
134.0,3.000000000000057,0.0
135.0,3.000000000000057,0.0
136.0,3.000000000000057,0.0
137.0,3.000000000000057,0.0
138.0,3.000000000000057,0.0
139.0,3.000000000000057,0.0
140.0,3.000000000000057,0.0
141.0,3.000000000000057,0.0
142.0,3.000000000000057,0.0
143.0,3.000000000000057,0.0
144.0,3.000000000000057,0.0
145.0,3.000000000000057,0.0
146.0,3.000000000000057,0.0
147.0,3.000000000000057,0.0
148.0,3.000000000000057,0.0
149.0,3.000000000000057,0.0
150.0,3.000000000000057,0.0
151.0,3.000000000000057,0.0
152.0,3.000000000000057,0.0
153.0,3.000000000000057,0.0
154.0,3.000000000000057,0.0
155.0,3.000000000000057,0.0
156.0,3.000000000000057,0.0
157.0,3.000000000000057,0.0
158.0,3.000000000000057,0.0
159.0,3.000000000000057,0.0
160.0,3.000000000000057,0.0
161.0,3.000000000000057,0.0
162.0,3.000000000000057,0.0
163.0,3.000000000000057,0.0
164.0,3.000000000000057,0.0
165.0,3.000000000000057,0.0
166.0,3.000000000000057,0.0
167.0,3.000000000000057,0.0
90.0,4.000000000000057,0.0
91.0,4.000000000000057,0.0
92.0,4.000000000000057,0.0
93.0,4.000000000000057,0.0
94.0,4.000000000000057,0.0
95.0,4.000000000000057,0.0
96.0,4.000000000000057,0.0
97.0,4.000000000000057,0.0
98.0,4.000000000000057,0.0
99.0,4.000000000000057,0.0
100.0,4.000000000000057,0.0
101.0,4.000000000000057,0.0
102.0,4.000000000000057,0.0
103.0,4.000000000000057,0.0
104.0,4.000000000000057,1.0
105.0,4.000000000000057,1.0
106.0,4.000000000000057,1.0
107.0,4.000000000000057,1.0
108.0,4.000000000000057,1.0
109.0,4.000000000000057,0.0
110.0,4.000000000000057,0.0
111.0,4.000000000000057,0.0
112.0,4.000000000000057,1.0
113.0,4.000000000000057,1.0
114.0,4.000000000000057,1.0
115.0,4.000000000000057,0.0
116.0,4.000000000000057,0.0
117.0,4.000000000000057,0.0
118.0,4.000000000000057,0.0
119.0,4.000000000000057,0.0
120.0,4.000000000000057,0.0
121.0,4.000000000000057,0.0
122.0,4.000000000000057,0.0
123.0,4.000000000000057,0.0
124.0,4.000000000000057,0.0
125.0,4.000000000000057,0.0
126.0,4.000000000000057,0.0
127.0,4.000000000000057,0.0
128.0,4.000000000000057,0.0
129.0,4.000000000000057,0.0
130.0,4.000000000000057,0.0
131.0,4.000000000000057,0.0
132.0,4.000000000000057,0.0
133.0,4.000000000000057,0.0
134.0,4.000000000000057,0.0
135.0,4.000000000000057,0.0
136.0,4.000000000000057,0.0
137.0,4.000000000000057,0.0
138.0,4.000000000000057,0.0
139.0,4.000000000000057,0.0
140.0,4.000000000000057,0.0
141.0,4.000000000000057,0.0
142.0,4.000000000000057,0.0
143.0,4.000000000000057,0.0
144.0,4.000000000000057,0.0
145.0,4.000000000000057,0.0
146.0,4.000000000000057,0.0
147.0,4.000000000000057,0.0
148.0,4.000000000000057,0.0
149.0,4.000000000000057,0.0
150.0,4.000000000000057,0.0
151.0,4.000000000000057,0.0
152.0,4.000000000000057,0.0
153.0,4.000000000000057,0.0
154.0,4.000000000000057,0.0
155.0,4.000000000000057,0.0
156.0,4.000000000000057,0.0
157.0,4.000000000000057,0.0
158.0,4.000000000000057,0.0
159.0,4.000000000000057,0.0
160.0,4.000000000000057,0.0
161.0,4.000000000000057,0.0
162.0,4.000000000000057,0.0
163.0,4.000000000000057,0.0
164.0,4.000000000000057,0.0
165.0,4.000000000000057,0.0
166.0,4.000000000000057,0.0
167.0,4.000000000000057,0.0
90.0,5.000000000000057,0.0
91.0,5.000000000000057,0.0
92.0,5.000000000000057,0.0
93.0,5.000000000000057,0.0
94.0,5.000000000000057,0.0
95.0,5.000000000000057,0.0
96.0,5.000000000000057,0.0
97.0,5.000000000000057,0.0
98.0,5.000000000000057,0.0
99.0,5.000000000000057,0.0
100.0,5.000000000000057,0.0
101.0,5.000000000000057,0.0
102.0,5.000000000000057,1.0
103.0,5.000000000000057,1.0
104.0,5.000000000000057,1.0
105.0,5.000000000000057,1.0
106.0,5.000000000000057,1.0
107.0,5.000000000000057,1.0
108.0,5.000000000000057,0.0
109.0,5.000000000000057,0.0
110.0,5.000000000000057,0.0
111.0,5.000000000000057,0.0
112.0,5.000000000000057,1.0
113.0,5.000000000000057,1.0
114.0,5.000000000000057,1.0
115.0,5.000000000000057,0.0
116.0,5.000000000000057,0.0
117.0,5.000000000000057,0.0
118.0,5.000000000000057,0.0
119.0,5.000000000000057,0.0
120.0,5.000000000000057,0.0
121.0,5.000000000000057,0.0
122.0,5.000000000000057,0.0
123.0,5.000000000000057,0.0
124.0,5.000000000000057,0.0
125.0,5.000000000000057,0.0
126.0,5.000000000000057,0.0
127.0,5.000000000000057,0.0
128.0,5.000000000000057,0.0
129.0,5.000000000000057,0.0
130.0,5.000000000000057,0.0
131.0,5.000000000000057,0.0
132.0,5.000000000000057,0.0
133.0,5.000000000000057,0.0
134.0,5.000000000000057,0.0
135.0,5.000000000000057,0.0
136.0,5.000000000000057,0.0
137.0,5.000000000000057,0.0
138.0,5.000000000000057,0.0
139.0,5.000000000000057,0.0
140.0,5.000000000000057,0.0
141.0,5.000000000000057,0.0
142.0,5.000000000000057,0.0
143.0,5.000000000000057,0.0
144.0,5.000000000000057,0.0
145.0,5.000000000000057,0.0
146.0,5.000000000000057,0.0
147.0,5.000000000000057,0.0
148.0,5.000000000000057,0.0
149.0,5.000000000000057,0.0
150.0,5.000000000000057,0.0
151.0,5.000000000000057,0.0
152.0,5.000000000000057,0.0
153.0,5.000000000000057,0.0
154.0,5.000000000000057,0.0
155.0,5.000000000000057,0.0
156.0,5.000000000000057,0.0
157.0,5.000000000000057,0.0
158.0,5.000000000000057,0.0
159.0,5.000000000000057,0.0
160.0,5.000000000000057,0.0
161.0,5.000000000000057,0.0
162.0,5.000000000000057,0.0
163.0,5.000000000000057,0.0
164.0,5.000000000000057,0.0
165.0,5.000000000000057,0.0
166.0,5.000000000000057,0.0
167.0,5.000000000000057,0.0
90.0,6.000000000000057,0.0
91.0,6.000000000000057,0.0
92.0,6.000000000000057,0.0
93.0,6.000000000000057,0.0
94.0,6.000000000000057,0.0
95.0,6.000000000000057,0.0
96.0,6.000000000000057,0.0
97.0,6.000000000000057,0.0
98.0,6.000000000000057,0.0
99.0,6.000000000000057,0.0
100.0,6.000000000000057,0.0
101.0,6.000000000000057,1.0
102.0,6.000000000000057,1.0
103.0,6.000000000000057,1.0
104.0,6.000000000000057,1.0
105.0,6.000000000000057,1.0
106.0,6.000000000000057,1.0
107.0,6.000000000000057,0.0
108.0,6.000000000000057,0.0
109.0,6.000000000000057,0.0
110.0,6.000000000000057,0.0
111.0,6.000000000000057,0.0
112.0,6.000000000000057,1.0
113.0,6.000000000000057,1.0
114.0,6.000000000000057,1.0
115.0,6.000000000000057,0.0
116.0,6.000000000000057,0.0
117.0,6.000000000000057,0.0
118.0,6.000000000000057,0.0
119.0,6.000000000000057,0.0
120.0,6.000000000000057,0.0
121.0,6.000000000000057,0.0
122.0,6.000000000000057,0.0
123.0,6.000000000000057,0.0
124.0,6.000000000000057,0.0
125.0,6.000000000000057,0.0
126.0,6.000000000000057,0.0
127.0,6.000000000000057,0.0
128.0,6.000000000000057,0.0
129.0,6.000000000000057,0.0
130.0,6.000000000000057,0.0
131.0,6.000000000000057,0.0
132.0,6.000000000000057,0.0
133.0,6.000000000000057,0.0
134.0,6.000000000000057,0.0
135.0,6.000000000000057,0.0
136.0,6.000000000000057,0.0
137.0,6.000000000000057,0.0
138.0,6.000000000000057,0.0
139.0,6.000000000000057,0.0
140.0,6.000000000000057,0.0
141.0,6.000000000000057,0.0
142.0,6.000000000000057,0.0
143.0,6.000000000000057,0.0
144.0,6.000000000000057,0.0
145.0,6.000000000000057,0.0
146.0,6.000000000000057,0.0
147.0,6.000000000000057,0.0
148.0,6.000000000000057,0.0
149.0,6.000000000000057,0.0
150.0,6.000000000000057,0.0
151.0,6.000000000000057,0.0
152.0,6.000000000000057,0.0
153.0,6.000000000000057,0.0
154.0,6.000000000000057,0.0
155.0,6.000000000000057,0.0
156.0,6.000000000000057,0.0
157.0,6.000000000000057,0.0
158.0,6.000000000000057,0.0
159.0,6.000000000000057,0.0
160.0,6.000000000000057,0.0
161.0,6.000000000000057,0.0
162.0,6.000000000000057,0.0
163.0,6.000000000000057,0.0
164.0,6.000000000000057,0.0
165.0,6.000000000000057,0.0
166.0,6.000000000000057,0.0
167.0,6.000000000000057,0.0
90.0,7.000000000000057,0.0
91.0,7.000000000000057,0.0
92.0,7.000000000000057,0.0
93.0,7.000000000000057,0.0
94.0,7.000000000000057,0.0
95.0,7.000000000000057,0.0
96.0,7.000000000000057,0.0
97.0,7.000000000000057,0.0
98.0,7.000000000000057,0.0
99.0,7.000000000000057,1.0
100.0,7.000000000000057,1.0
101.0,7.000000000000057,1.0
102.0,7.000000000000057,1.0
103.0,7.000000000000057,1.0
104.0,7.000000000000057,1.0
105.0,7.000000000000057,0.0
106.0,7.000000000000057,0.0
107.0,7.000000000000057,0.0
108.0,7.000000000000057,0.0
109.0,7.000000000000057,0.0
110.0,7.000000000000057,0.0
111.0,7.000000000000057,0.0
112.0,7.000000000000057,1.0
113.0,7.000000000000057,1.0
114.0,7.000000000000057,1.0
115.0,7.000000000000057,0.0
116.0,7.000000000000057,0.0
117.0,7.000000000000057,0.0
118.0,7.000000000000057,0.0
119.0,7.000000000000057,0.0
120.0,7.000000000000057,0.0
121.0,7.000000000000057,0.0
122.0,7.000000000000057,0.0
123.0,7.000000000000057,0.0
124.0,7.000000000000057,0.0
125.0,7.000000000000057,0.0
126.0,7.000000000000057,0.0
127.0,7.000000000000057,0.0
128.0,7.000000000000057,0.0
129.0,7.000000000000057,0.0
130.0,7.000000000000057,0.0
131.0,7.000000000000057,0.0
132.0,7.000000000000057,0.0
133.0,7.000000000000057,0.0
134.0,7.000000000000057,0.0
135.0,7.000000000000057,0.0
136.0,7.000000000000057,0.0
137.0,7.000000000000057,0.0
138.0,7.000000000000057,0.0
139.0,7.000000000000057,0.0
140.0,7.000000000000057,0.0
141.0,7.000000000000057,0.0
142.0,7.000000000000057,0.0
143.0,7.000000000000057,0.0
144.0,7.000000000000057,0.0
145.0,7.000000000000057,0.0
146.0,7.000000000000057,0.0
147.0,7.000000000000057,0.0
148.0,7.000000000000057,0.0
149.0,7.000000000000057,0.0
150.0,7.000000000000057,0.0
151.0,7.000000000000057,0.0
152.0,7.000000000000057,0.0
153.0,7.000000000000057,0.0
154.0,7.000000000000057,0.0
155.0,7.000000000000057,0.0
156.0,7.000000000000057,0.0
157.0,7.000000000000057,0.0
158.0,7.000000000000057,0.0
159.0,7.000000000000057,0.0
160.0,7.000000000000057,0.0
161.0,7.000000000000057,0.0
162.0,7.000000000000057,0.0
163.0,7.000000000000057,0.0
164.0,7.000000000000057,0.0
165.0,7.000000000000057,0.0
166.0,7.000000000000057,0.0
167.0,7.000000000000057,0.0
90.0,8.000000000000057,0.0
91.0,8.000000000000057,0.0
92.0,8.000000000000057,0.0
93.0,8.000000000000057,0.0
94.0,8.000000000000057,0.0
95.0,8.000000000000057,0.0
96.0,8.000000000000057,0.0
97.0,8.000000000000057,1.0
98.0,8.000000000000057,1.0
99.0,8.000000000000057,1.0
100.0,8.000000000000057,1.0
101.0,8.000000000000057,1.0
102.0,8.000000000000057,1.0
103.0,8.000000000000057,0.0
104.0,8.000000000000057,0.0
105.0,8.000000000000057,0.0
106.0,8.000000000000057,0.0
107.0,8.000000000000057,0.0
108.0,8.000000000000057,0.0
109.0,8.000000000000057,0.0
110.0,8.000000000000057,0.0
111.0,8.000000000000057,0.0
112.0,8.000000000000057,0.0
113.0,8.000000000000057,0.0
114.0,8.000000000000057,0.0
115.0,8.000000000000057,0.0
116.0,8.000000000000057,0.0
117.0,8.000000000000057,0.0
118.0,8.000000000000057,0.0
119.0,8.000000000000057,0.0
120.0,8.000000000000057,0.0
121.0,8.000000000000057,0.0
122.0,8.000000000000057,0.0
123.0,8.000000000000057,0.0
124.0,8.000000000000057,0.0
125.0,8.000000000000057,0.0
126.0,8.000000000000057,0.0
127.0,8.000000000000057,0.0
128.0,8.000000000000057,0.0
129.0,8.000000000000057,0.0
130.0,8.000000000000057,0.0
131.0,8.000000000000057,0.0
132.0,8.000000000000057,0.0
133.0,8.000000000000057,0.0
134.0,8.000000000000057,0.0
135.0,8.000000000000057,0.0
136.0,8.000000000000057,0.0
137.0,8.000000000000057,0.0
138.0,8.000000000000057,0.0
139.0,8.000000000000057,0.0
140.0,8.000000000000057,0.0
141.0,8.000000000000057,0.0
142.0,8.000000000000057,0.0
143.0,8.000000000000057,0.0
144.0,8.000000000000057,0.0
145.0,8.000000000000057,0.0
146.0,8.000000000000057,0.0
147.0,8.000000000000057,0.0
148.0,8.000000000000057,0.0
149.0,8.000000000000057,0.0
150.0,8.000000000000057,0.0
151.0,8.000000000000057,0.0
152.0,8.000000000000057,0.0
153.0,8.000000000000057,0.0
154.0,8.000000000000057,0.0
155.0,8.000000000000057,0.0
156.0,8.000000000000057,0.0
157.0,8.000000000000057,0.0
158.0,8.000000000000057,0.0
159.0,8.000000000000057,0.0
160.0,8.000000000000057,0.0
161.0,8.000000000000057,0.0
162.0,8.000000000000057,0.0
163.0,8.000000000000057,0.0
164.0,8.000000000000057,0.0
165.0,8.000000000000057,0.0
166.0,8.000000000000057,0.0
167.0,8.000000000000057,0.0
90.0,9.000000000000057,0.0
91.0,9.000000000000057,0.0
92.0,9.000000000000057,0.0
93.0,9.000000000000057,0.0
94.0,9.000000000000057,0.0
95.0,9.000000000000057,0.0
96.0,9.000000000000057,0.0
97.0,9.000000000000057,1.0
98.0,9.000000000000057,1.0
99.0,9.000000000000057,1.0
100.0,9.000000000000057,1.0
101.0,9.000000000000057,0.0
102.0,9.000000000000057,0.0
103.0,9.000000000000057,0.0
104.0,9.000000000000057,0.0
105.0,9.000000000000057,0.0
106.0,9.000000000000057,0.0
107.0,9.000000000000057,0.0
108.0,9.000000000000057,0.0
109.0,9.000000000000057,0.0
110.0,9.000000000000057,0.0
111.0,9.000000000000057,0.0
112.0,9.000000000000057,1.0
113.0,9.000000000000057,1.0
114.0,9.000000000000057,1.0
115.0,9.000000000000057,0.0
116.0,9.000000000000057,0.0
117.0,9.000000000000057,0.0
118.0,9.000000000000057,0.0
119.0,9.000000000000057,0.0
120.0,9.000000000000057,0.0
121.0,9.000000000000057,0.0
122.0,9.000000000000057,0.0
123.0,9.000000000000057,0.0
124.0,9.000000000000057,0.0
125.0,9.000000000000057,0.0
126.0,9.000000000000057,0.0
127.0,9.000000000000057,0.0
128.0,9.000000000000057,0.0
129.0,9.000000000000057,0.0
130.0,9.000000000000057,0.0
131.0,9.000000000000057,0.0
132.0,9.000000000000057,0.0
133.0,9.000000000000057,0.0
134.0,9.000000000000057,0.0
135.0,9.000000000000057,0.0
136.0,9.000000000000057,0.0
137.0,9.000000000000057,0.0
138.0,9.000000000000057,0.0
139.0,9.000000000000057,0.0
140.0,9.000000000000057,0.0
141.0,9.000000000000057,0.0
142.0,9.000000000000057,0.0
143.0,9.000000000000057,0.0
144.0,9.000000000000057,0.0
145.0,9.000000000000057,0.0
146.0,9.000000000000057,0.0
147.0,9.000000000000057,0.0
148.0,9.000000000000057,0.0
149.0,9.000000000000057,0.0
150.0,9.000000000000057,0.0
151.0,9.000000000000057,0.0
152.0,9.000000000000057,0.0
153.0,9.000000000000057,0.0
154.0,9.000000000000057,0.0
155.0,9.000000000000057,0.0
156.0,9.000000000000057,0.0
157.0,9.000000000000057,0.0
158.0,9.000000000000057,0.0
159.0,9.000000000000057,0.0
160.0,9.000000000000057,0.0
161.0,9.000000000000057,0.0
162.0,9.000000000000057,0.0
163.0,9.000000000000057,0.0
164.0,9.000000000000057,0.0
165.0,9.000000000000057,0.0
166.0,9.000000000000057,0.0
167.0,9.000000000000057,0.0
