lon,lat,age,plate_id,recon_lon,recon_lat,distance_deg,sub_idx,trench_lon,trench_lat,conv_rate_cm_yr,conv_angle_deg,trench_abs_rate_cm_yr,trench_abs_angle_deg,arc_len_deg,trench_norm_deg,subducting_pid,trench_pid,dist_nearest_edge_deg,dist_from_start_deg,conv_ortho_cm_yr,conv_paral_cm_yr,trench_abs_ortho_cm_yr,trench_abs_paral_cm_yr,subducting_abs_rate_cm_yr,subducting_abs_angle_deg,subducting_abs_ortho_cm_yr,subducting_abs_paral_cm_yr,seafloor_age_ma,subduction_volume_km3_yr,carbonate_sediment_thickness_m,total_sediment_thick_m,ocean_crust_carb_percent
169.000,-40.189,34.000,868.000,174.605,-52.596,0.118,1686.000,172.080,-46.020,0.000,0.000,2.310,-105.340,0.120,86.820,801.000,842.000,0.060,0.060,0.000,0.000,-0.610,-2.230,2.310,-105.340,-0.610,-2.230,19.740,0.000,75.680,465.020,1.930
168.000,-39.189,34.000,868.000,172.829,-51.955,0.104,1686.000,172.080,-46.020,0.000,0.000,2.310,-105.340,0.120,86.820,801.000,842.000,0.060,0.060,0.000,0.000,-0.610,-2.230,2.310,-105.340,-0.610,-2.230,19.740,0.000,75.680,465.020,1.930
169.000,-39.189,34.000,868.000,173.995,-51.669,0.101,1686.000,172.080,-46.020,0.000,0.000,2.310,-105.340,0.120,86.820,801.000,842.000,0.060,0.060,0.000,0.000,-0.610,-2.230,2.310,-105.340,-0.610,-2.230,19.740,0.000,75.680,465.020,1.930
167.000,-38.189,34.000,868.000,171.076,-51.303,0.093,1686.000,172.080,-46.020,0.000,0.000,2.310,-105.340,0.120,86.820,801.000,842.000,0.060,0.060,0.000,0.000,-0.610,-2.230,2.310,-105.340,-0.610,-2.230,19.740,0.000,75.680,465.020,1.930
168.000,-38.189,34.000,868.000,172.247,-51.023,0.087,1686.000,172.080,-46.020,0.000,0.000,2.310,-105.340,0.120,86.820,801.000,842.000,0.060,0.060,0.000,0.000,-0.610,-2.230,2.310,-105.340,-0.610,-2.230,19.740,0.000,75.680,465.020,1.930
169.000,-38.189,34.000,868.000,173.409,-50.739,0.084,1686.000,172.080,-46.020,0.000,0.000,2.310,-105.340,0.120,86.820,801.000,842.000,0.060,0.060,0.000,0.000,-0.610,-2.230,2.310,-105.340,-0.610,-2.230,19.740,0.000,75.680,465.020,1.930
166.000,-37.189,34.000,833.000,169.346,-50.640,0.087,1686.000,172.080,-46.020,0.000,0.000,2.310,-105.340,0.120,86.820,801.000,842.000,0.060,0.060,0.000,0.000,-0.610,-2.230,2.310,-105.340,-0.610,-2.230,19.740,0.000,75.680,465.020,1.930
167.000,-37.189,34.000,868.000,170.522,-50.366,0.078,1686.000,172.080,-46.020,0.000,0.000,2.310,-105.340,0.120,86.820,801.000,842.000,0.060,0.060,0.000,0.000,-0.610,-2.230,2.310,-105.340,-0.610,-2.230,19.740,0.000,75.680,465.020,1.930
168.000,-37.189,34.000,868.000,171.688,-50.088,0.071,1686.000,172.080,-46.020,0.000,0.000,2.310,-105.340,0.120,86.820,801.000,842.000,0.060,0.060,0.000,0.000,-0.610,-2.230,2.310,-105.340,-0.610,-2.230,19.740,0.000,75.680,465.020,1.930
169.000,-37.189,34.000,868.000,172.846,-49.806,0.067,1686.000,172.080,-46.020,0.000,0.000,2.310,-105.340,0.120,86.820,801.000,842.000,0.060,0.060,0.000,0.000,-0.610,-2.230,2.310,-105.340,-0.610,-2.230,19.740,0.000,75.680,465.020,1.930
167.000,-36.189,34.000,868.000,169.988,-49.427,0.064,1686.000,172.080,-46.020,0.000,0.000,2.310,-105.340,0.120,86.820,801.000,842.000,0.060,0.060,0.000,0.000,-0.610,-2.230,2.310,-105.340,-0.610,-2.230,19.740,0.000,75.680,465.020,1.930
168.000,-36.189,34.000,833.000,171.151,-49.150,0.056,1686.000,172.080,-46.020,0.000,0.000,2.310,-105.340,0.120,86.820,801.000,842.000,0.060,0.060,0.000,0.000,-0.610,-2.230,2.310,-105.340,-0.610,-2.230,19.740,0.000,75.680,465.020,1.930
169.000,-36.189,34.000,833.000,172.305,-48.870,0.050,1686.000,172.080,-46.020,0.000,0.000,2.310,-105.340,0.120,86.820,801.000,842.000,0.060,0.060,0.000,0.000,-0.610,-2.230,2.310,-105.340,-0.610,-2.230,19.740,0.000,75.680,465.020,1.930
168.000,-35.189,34.000,833.000,170.633,-48.211,0.042,1686.000,172.080,-46.020,0.000,0.000,2.310,-105.340,0.120,86.820,801.000,842.000,0.060,0.060,0.000,0.000,-0.610,-2.230,2.310,-105.340,-0.610,-2.230,19.740,0.000,75.680,465.020,1.930
159.000,-32.189,34.000,869.000,158.616,-47.650,0.163,1686.000,172.080,-46.020,0.000,0.000,2.310,-105.340,0.120,86.820,801.000,842.000,0.060,0.060,0.000,0.000,-0.610,-2.230,2.310,-105.340,-0.610,-2.230,19.740,0.000,75.680,465.020,1.930
160.000,-32.189,34.000,869.000,159.821,-47.417,0.148,1686.000,172.080,-46.020,0.000,0.000,2.310,-105.340,0.120,86.820,801.000,842.000,0.060,0.060,0.000,0.000,-0.610,-2.230,2.310,-105.340,-0.610,-2.230,19.740,0.000,75.680,465.020,1.930
161.000,-32.189,34.000,869.000,161.018,-47.178,0.134,1686.000,172.080,-46.020,0.000,0.000,2.310,-105.340,0.120,86.820,801.000,842.000,0.060,0.060,0.000,0.000,-0.610,-2.230,2.310,-105.340,-0.610,-2.230,19.740,0.000,75.680,465.020,1.930
158.000,-31.189,34.000,869.000,157.013,-46.915,0.179,1666.000,170.350,-42.880,0.000,0.000,-2.350,-77.940,0.150,68.600,801.000,842.000,3.510,3.510,0.000,0.000,0.490,-2.300,-2.350,-77.940,0.490,-2.300,25.170,0.000,54.050,349.620,1.950
159.000,-31.189,34.000,869.000,158.218,-46.688,0.164,1666.000,170.350,-42.880,0.000,0.000,-2.350,-77.940,0.150,68.600,801.000,842.000,3.510,3.510,0.000,0.000,0.490,-2.300,-2.350,-77.940,0.490,-2.300,25.170,0.000,54.050,349.620,1.950
160.000,-31.189,34.000,869.000,159.416,-46.456,0.149,1666.000,170.350,-42.880,0.000,0.000,-2.350,-77.940,0.150,68.600,801.000,842.000,3.510,3.510,0.000,0.000,0.490,-2.300,-2.350,-77.940,0.490,-2.300,25.170,0.000,54.050,349.620,1.950
161.000,-31.189,34.000,869.000,160.606,-46.219,0.134,1667.000,170.460,-43.030,0.000,0.000,-2.350,-64.640,0.180,54.860,801.000,842.000,3.340,3.340,0.000,0.000,1.010,-2.120,-2.350,-64.640,1.010,-2.120,25.170,0.000,54.050,349.620,1.950
162.000,-31.189,34.000,869.000,161.789,-45.977,0.119,1667.000,170.460,-43.030,0.000,0.000,-2.350,-64.640,0.180,54.860,801.000,842.000,3.340,3.340,0.000,0.000,1.010,-2.120,-2.350,-64.640,1.010,-2.120,25.170,0.000,54.050,349.620,1.950
163.000,-31.189,34.000,833.000,162.965,-45.730,0.105,1667.000,170.460,-43.030,0.000,0.000,-2.350,-64.640,0.180,54.860,801.000,842.000,3.340,3.340,0.000,0.000,1.010,-2.120,-2.350,-64.640,1.010,-2.120,25.170,0.000,54.050,349.620,1.950
159.000,-30.189,34.000,869.000,157.833,-45.724,0.164,1665.000,170.270,-42.740,0.000,0.000,-2.360,-77.590,0.150,68.650,801.000,842.000,3.660,3.660,0.000,0.000,0.510,-2.300,-2.360,-77.590,0.510,-2.300,25.170,0.000,54.050,349.620,1.950
160.000,-30.189,34.000,869.000,159.024,-45.493,0.149,1665.000,170.270,-42.740,0.000,0.000,-2.360,-77.590,0.150,68.650,801.000,842.000,3.660,3.660,0.000,0.000,0.510,-2.300,-2.360,-77.590,0.510,-2.300,25.170,0.000,54.050,349.620,1.950
161.000,-30.189,34.000,869.000,160.208,-45.258,0.134,1665.000,170.270,-42.740,0.000,0.000,-2.360,-77.590,0.150,68.650,801.000,842.000,3.660,3.660,0.000,0.000,0.510,-2.300,-2.360,-77.590,0.510,-2.300,25.170,0.000,54.050,349.620,1.950
162.000,-30.189,34.000,869.000,161.385,-45.018,0.118,1665.000,170.270,-42.740,0.000,0.000,-2.360,-77.590,0.150,68.650,801.000,842.000,3.660,3.660,0.000,0.000,0.510,-2.300,-2.360,-77.590,0.510,-2.300,25.170,0.000,54.050,349.620,1.950
163.000,-30.189,34.000,869.000,162.556,-44.773,0.103,1665.000,170.270,-42.740,0.000,0.000,-2.360,-77.590,0.150,68.650,801.000,842.000,3.660,3.660,0.000,0.000,0.510,-2.300,-2.360,-77.590,0.510,-2.300,25.170,0.000,54.050,349.620,1.950
164.000,-30.189,34.000,833.000,163.719,-44.523,0.088,1665.000,170.270,-42.740,0.000,0.000,-2.360,-77.590,0.150,68.650,801.000,842.000,3.660,3.660,0.000,0.000,0.510,-2.300,-2.360,-77.590,0.510,-2.300,25.170,0.000,54.050,349.620,1.950
165.000,-30.189,34.000,833.000,164.875,-44.269,0.073,1665.000,170.270,-42.740,0.000,0.000,-2.360,-77.590,0.150,68.650,801.000,842.000,3.660,3.660,0.000,0.000,0.510,-2.300,-2.360,-77.590,0.510,-2.300,25.170,0.000,54.050,349.620,1.950
169.000,-30.189,34.000,834.000,169.431,-43.210,0.013,1666.000,170.350,-42.880,0.000,0.000,-2.350,-77.940,0.150,68.600,801.000,842.000,3.510,3.510,0.000,0.000,0.490,-2.300,-2.350,-77.940,0.490,-2.300,25.170,0.000,54.050,349.620,1.950
161.000,-29.189,34.000,869.000,159.824,-44.296,0.134,1663.000,170.120,-42.450,0.000,0.000,-2.360,-76.880,0.150,68.760,801.000,842.000,3.970,3.970,0.000,0.000,0.540,-2.300,-2.360,-76.880,0.540,-2.300,25.170,0.000,54.050,349.620,1.950
162.000,-29.189,34.000,869.000,160.995,-44.057,0.119,1663.000,170.120,-42.450,0.000,0.000,-2.360,-76.880,0.150,68.760,801.000,842.000,3.970,3.970,0.000,0.000,0.540,-2.300,-2.360,-76.880,0.540,-2.300,25.170,0.000,54.050,349.620,1.950
163.000,-29.189,34.000,869.000,162.159,-43.814,0.104,1663.000,170.120,-42.450,0.000,0.000,-2.360,-76.880,0.150,68.760,801.000,842.000,3.970,3.970,0.000,0.000,0.540,-2.300,-2.360,-76.880,0.540,-2.300,25.170,0.000,54.050,349.620,1.950
164.000,-29.189,34.000,869.000,163.317,-43.566,0.089,1662.000,170.060,-42.300,0.000,0.000,2.370,-90.050,0.170,82.340,801.000,842.000,4.130,4.130,0.000,0.000,-0.000,-2.370,2.370,-90.050,-0.000,-2.370,0.080,0.000,54.050,398.760,0.390
165.000,-29.189,34.000,833.000,164.467,-43.313,0.074,1662.000,170.060,-42.300,0.000,0.000,2.370,-90.050,0.170,82.340,801.000,842.000,4.130,4.130,0.000,0.000,-0.000,-2.370,2.370,-90.050,-0.000,-2.370,0.080,0.000,54.050,398.760,0.390
166.000,-29.189,34.000,833.000,165.612,-43.056,0.059,1662.000,170.060,-42.300,0.000,0.000,2.370,-90.050,0.170,82.340,801.000,842.000,4.130,4.130,0.000,0.000,-0.000,-2.370,2.370,-90.050,-0.000,-2.370,0.080,0.000,54.050,398.760,0.390
167.000,-29.189,34.000,833.000,166.749,-42.795,0.043,1662.000,170.060,-42.300,0.000,0.000,2.370,-90.050,0.170,82.340,801.000,842.000,4.130,4.130,0.000,0.000,-0.000,-2.370,2.370,-90.050,-0.000,-2.370,0.080,0.000,54.050,398.760,0.390
168.000,-29.189,34.000,834.000,167.881,-42.530,0.028,1662.000,170.060,-42.300,0.000,0.000,2.370,-90.050,0.170,82.340,801.000,842.000,4.130,4.130,0.000,0.000,-0.000,-2.370,2.370,-90.050,-0.000,-2.370,0.080,0.000,54.050,398.760,0.390
169.000,-29.189,34.000,834.000,169.005,-42.260,0.013,1661.000,170.030,-42.130,0.000,0.000,-2.370,-89.660,0.170,82.360,801.000,842.000,4.300,4.300,0.000,0.000,0.010,-2.370,-2.370,-89.660,0.010,-2.370,0.080,0.000,54.050,398.760,0.390
163.000,-28.189,34.000,869.000,161.775,-42.853,0.100,1644.000,168.220,-39.730,0.000,0.000,-2.480,-52.630,0.160,52.180,801.000,842.000,3.320,7.110,0.000,0.000,1.510,-1.970,-2.480,-52.630,1.510,-1.970,0.080,0.000,9.520,82.880,0.390
164.000,-28.189,34.000,869.000,162.927,-42.607,0.086,1644.000,168.220,-39.730,0.000,0.000,-2.480,-52.630,0.160,52.180,801.000,842.000,3.320,7.110,0.000,0.000,1.510,-1.970,-2.480,-52.630,1.510,-1.970,0.080,0.000,9.520,82.880,0.390
165.000,-28.189,34.000,869.000,164.073,-42.356,0.071,1646.000,168.470,-39.980,0.000,0.000,-2.460,-53.180,0.160,52.030,801.000,842.000,3.630,6.800,0.000,0.000,1.480,-1.970,-2.460,-53.180,1.480,-1.970,0.080,0.000,9.520,82.880,0.390
166.000,-28.189,34.000,833.000,165.212,-42.100,0.056,1649.000,168.860,-40.400,0.000,0.000,-2.440,-59.820,0.190,57.430,801.000,842.000,4.150,6.280,0.000,0.000,1.230,-2.110,-2.440,-59.820,1.230,-2.110,0.080,0.000,9.520,82.880,0.390
167.000,-28.189,34.000,833.000,166.345,-41.841,0.041,1650.000,169.000,-40.570,0.000,0.000,-2.430,-60.200,0.190,57.340,801.000,842.000,4.340,6.080,0.000,0.000,1.210,-2.110,-2.430,-60.200,1.210,-2.110,0.080,0.000,9.520,82.880,0.390
168.000,-28.189,34.000,834.000,167.471,-41.577,0.027,1651.000,169.130,-40.710,0.000,0.000,-2.420,-56.000,0.150,52.720,801.000,842.000,4.520,5.910,0.000,0.000,1.350,-2.010,-2.420,-56.000,1.350,-2.010,0.080,0.000,9.520,82.880,0.390
169.000,-28.189,34.000,834.000,168.591,-41.309,0.012,1653.000,169.370,-40.960,0.000,0.000,-2.400,-56.590,0.150,52.550,801.000,842.000,4.830,5.600,0.000,0.000,1.320,-2.010,-2.400,-56.590,1.320,-2.010,0.080,0.000,9.520,82.880,0.390
166.000,-27.189,34.000,869.000,164.824,-41.143,0.051,1643.000,168.100,-39.580,0.000,0.000,-2.490,-60.930,0.190,60.890,801.000,842.000,3.140,7.280,0.000,0.000,1.210,-2.180,-2.490,-60.930,1.210,-2.180,0.080,0.000,9.520,82.880,0.390
167.000,-27.189,34.000,845.000,165.952,-40.885,0.036,1644.000,168.220,-39.730,0.000,0.000,-2.480,-52.630,0.160,52.180,801.000,842.000,3.320,7.110,0.000,0.000,1.510,-1.970,-2.480,-52.630,1.510,-1.970,0.080,0.000,9.520,82.880,0.390
168.000,-27.189,34.000,834.000,167.074,-40.623,0.022,1645.000,168.340,-39.850,0.000,0.000,-2.470,-52.910,0.160,52.110,801.000,842.000,3.470,6.950,0.000,0.000,1.490,-1.970,-2.470,-52.910,1.490,-1.970,0.080,0.000,9.520,82.880,0.390
169.000,-27.189,34.000,834.000,168.190,-40.356,0.007,1647.000,168.590,-40.100,0.000,0.000,-2.460,-53.460,0.160,51.940,801.000,842.000,3.780,6.640,0.000,0.000,1.460,-1.970,-2.460,-53.460,1.460,-1.970,0.080,0.000,9.520,82.880,0.390
168.000,-26.189,34.000,834.000,166.688,-39.667,0.017,1641.000,167.850,-39.250,0.000,0.000,-2.510,-60.190,0.190,61.040,801.000,842.000,2.750,7.670,0.000,0.000,1.250,-2.180,-2.510,-60.190,1.250,-2.180,0.080,0.000,9.520,82.880,0.390
169.000,-26.189,34.000,834.000,167.799,-39.402,0.002,1642.000,167.970,-39.420,0.000,0.000,-2.500,-60.560,0.190,60.970,801.000,842.000,2.950,7.480,0.000,0.000,1.230,-2.180,-2.500,-60.560,1.230,-2.180,0.080,0.000,9.520,82.880,0.390
138.000,-25.189,34.000,801.000,130.612,-44.219,0.336,2816.000,138.090,-25.830,1.800,-40.880,-3.100,-11.730,0.140,48.510,801.000,698.000,0.070,0.070,1.360,-1.180,3.040,-0.630,-4.760,-22.420,4.400,-1.810,14.010,0.010,50.100,93.460,1.850
167.000,-25.189,34.000,869.000,165.199,-38.970,0.026,1632.000,166.540,-37.890,0.000,0.000,-2.610,-35.990,0.190,40.450,801.000,842.000,1.020,9.400,0.000,0.000,2.110,-1.540,-2.610,-35.990,2.110,-1.540,0.180,0.000,9.520,82.880,0.560
168.000,-25.189,34.000,845.000,166.312,-38.711,0.013,1634.000,166.910,-38.130,0.000,0.000,-2.580,-36.460,0.190,40.220,801.000,842.000,1.400,9.020,0.000,0.000,2.080,-1.540,-2.580,-36.460,2.080,-1.540,0.180,0.000,9.520,82.880,0.560
169.000,-25.189,34.000,845.000,167.419,-38.447,0.002,1637.000,167.370,-38.570,0.000,0.000,-2.550,-58.130,0.190,60.720,801.000,842.000,1.980,8.450,0.000,0.000,1.350,-2.160,-2.550,-58.130,1.350,-2.160,0.180,0.000,9.520,82.880,0.560
135.000,-24.189,34.000,801.000,126.727,-43.460,0.346,2816.000,138.090,-25.830,1.800,-40.880,-3.100,-11.730,0.140,48.510,801.000,698.000,0.070,0.070,1.360,-1.180,3.040,-0.630,-4.760,-22.420,4.400,-1.810,14.010,0.010,50.100,93.460,1.850
136.000,-24.189,34.000,801.000,127.979,-43.389,0.337,2816.000,138.090,-25.830,1.800,-40.880,-3.100,-11.730,0.140,48.510,801.000,698.000,0.070,0.070,1.360,-1.180,3.040,-0.630,-4.760,-22.420,4.400,-1.810,14.010,0.010,50.100,93.460,1.850
137.000,-24.189,34.000,801.000,129.228,-43.310,0.329,2816.000,138.090,-25.830,1.800,-40.880,-3.100,-11.730,0.140,48.510,801.000,698.000,0.070,0.070,1.360,-1.180,3.040,-0.630,-4.760,-22.420,4.400,-1.810,14.010,0.010,50.100,93.460,1.850
138.000,-24.189,34.000,801.000,130.476,-43.224,0.321,2816.000,138.090,-25.830,1.800,-40.880,-3.100,-11.730,0.140,48.510,801.000,698.000,0.070,0.070,1.360,-1.180,3.040,-0.630,-4.760,-22.420,4.400,-1.810,14.010,0.010,50.100,93.460,1.850
139.000,-24.189,34.000,801.000,131.720,-43.131,0.314,2816.000,138.090,-25.830,1.800,-40.880,-3.100,-11.730,0.140,48.510,801.000,698.000,0.070,0.070,1.360,-1.180,3.040,-0.630,-4.760,-22.420,4.400,-1.810,14.010,0.010,50.100,93.460,1.850
167.000,-24.189,34.000,869.000,164.838,-38.011,0.019,1628.000,165.960,-37.350,0.000,0.000,-2.660,-49.420,0.170,55.250,801.000,842.000,0.310,10.110,0.000,0.000,1.730,-2.020,-2.660,-49.420,1.730,-2.020,3.630,0.000,46.230,81.680,1.370
168.000,-24.189,34.000,845.000,165.946,-37.753,0.004,1630.000,166.210,-37.630,0.000,0.000,-2.640,-49.950,0.170,55.100,801.000,842.000,0.650,9.770,0.000,0.000,1.700,-2.020,-2.640,-49.950,1.700,-2.020,3.630,0.000,46.230,81.680,1.370
169.000,-24.189,34.000,844.000,167.049,-37.491,0.010,1632.000,166.540,-37.890,0.000,0.000,-2.610,-35.990,0.190,40.450,801.000,842.000,1.020,9.400,0.000,0.000,2.110,-1.540,-2.610,-35.990,2.110,-1.540,0.180,0.000,9.520,82.880,0.560
131.000,-23.189,34.000,801.000,121.641,-42.676,,,,,,,,,,,,,,,,,,,,,,,,,,,
132.000,-23.189,34.000,801.000,122.889,-42.633,,,,,,,,,,,,,,,,,,,,,,,,,,,
133.000,-23.189,34.000,801.000,124.136,-42.584,,,,,,,,,,,,,,,,,,,,,,,,,,,
134.000,-23.189,34.000,801.000,125.382,-42.527,0.342,2816.000,138.090,-25.830,1.800,-40.880,-3.100,-11.730,0.140,48.510,801.000,698.000,0.070,0.070,1.360,-1.180,3.040,-0.630,-4.760,-22.420,4.400,-1.810,14.010,0.010,50.100,93.460,1.850
135.000,-23.189,34.000,801.000,126.625,-42.463,0.332,2816.000,138.090,-25.830,1.800,-40.880,-3.100,-11.730,0.140,48.510,801.000,698.000,0.070,0.070,1.360,-1.180,3.040,-0.630,-4.760,-22.420,4.400,-1.810,14.010,0.010,50.100,93.460,1.850
136.000,-23.189,34.000,801.000,127.867,-42.392,0.323,2816.000,138.090,-25.830,1.800,-40.880,-3.100,-11.730,0.140,48.510,801.000,698.000,0.070,0.070,1.360,-1.180,3.040,-0.630,-4.760,-22.420,4.400,-1.810,14.010,0.010,50.100,93.460,1.850
137.000,-23.189,34.000,801.000,129.106,-42.314,0.314,2816.000,138.090,-25.830,1.800,-40.880,-3.100,-11.730,0.140,48.510,801.000,698.000,0.070,0.070,1.360,-1.180,3.040,-0.630,-4.760,-22.420,4.400,-1.810,14.010,0.010,50.100,93.460,1.850
138.000,-23.189,34.000,801.000,130.343,-42.229,0.306,2816.000,138.090,-25.830,1.800,-40.880,-3.100,-11.730,0.140,48.510,801.000,698.000,0.070,0.070,1.360,-1.180,3.040,-0.630,-4.760,-22.420,4.400,-1.810,14.010,0.010,50.100,93.460,1.850
139.000,-23.189,34.000,801.000,131.578,-42.137,0.298,2816.000,138.090,-25.830,1.800,-40.880,-3.100,-11.730,0.140,48.510,801.000,698.000,0.070,0.070,1.360,-1.180,3.040,-0.630,-4.760,-22.420,4.400,-1.810,14.010,0.010,50.100,93.460,1.850
166.000,-23.189,34.000,869.000,163.377,-37.304,0.033,1626.000,165.770,-37.110,0.000,0.000,-2.680,-69.470,0.050,75.860,801.000,842.000,0.030,10.400,0.000,0.000,0.940,-2.510,-2.680,-69.470,0.940,-2.510,3.630,0.000,46.230,81.680,1.370
167.000,-23.189,34.000,845.000,164.486,-37.051,0.018,1626.000,165.770,-37.110,0.000,0.000,-2.680,-69.470,0.050,75.860,801.000,842.000,0.030,10.400,0.000,0.000,0.940,-2.510,-2.680,-69.470,0.940,-2.510,3.630,0.000,46.230,81.680,1.370
168.000,-23.189,34.000,845.000,165.590,-36.794,0.006,1626.000,165.770,-37.110,0.000,0.000,-2.680,-69.470,0.050,75.860,801.000,842.000,0.030,10.400,0.000,0.000,0.940,-2.510,-2.680,-69.470,0.940,-2.510,3.630,0.000,46.230,81.680,1.370
169.000,-23.189,34.000,844.000,166.689,-36.533,0.016,1626.000,165.770,-37.110,0.000,0.000,-2.680,-69.470,0.050,75.860,801.000,842.000,0.030,10.400,0.000,0.000,0.940,-2.510,-2.680,-69.470,0.940,-2.510,3.630,0.000,46.230,81.680,1.370
128.000,-22.189,34.000,801.000,117.864,-41.759,,,,,,,,,,,,,,,,,,,,,,,,,,,
129.000,-22.189,34.000,801.000,119.105,-41.739,,,,,,,,,,,,,,,,,,,,,,,,,,,
130.000,-22.189,34.000,801.000,120.345,-41.711,,,,,,,,,,,,,,,,,,,,,,,,,,,
131.000,-22.189,34.000,801.000,121.584,-41.677,0.344,2870.000,127.610,-22.530,1.810,0.120,-3.650,26.190,0.200,11.830,801.000,698.000,0.100,10.410,1.810,0.000,3.270,1.610,-5.330,17.570,5.080,1.610,25.450,0.020,55.820,126.060,1.950
132.000,-22.189,34.000,801.000,122.822,-41.635,0.339,2868.000,128.030,-22.610,1.810,0.120,-3.630,26.330,0.200,11.670,801.000,698.000,0.490,10.020,1.810,0.000,3.250,1.610,-5.310,17.630,5.060,1.610,9.560,0.010,55.820,126.060,1.690
133.000,-22.189,34.000,801.000,124.059,-41.585,0.335,2867.000,128.240,-22.650,1.810,0.120,-3.620,26.400,0.200,11.590,801.000,698.000,0.690,9.820,1.810,0.000,3.240,1.610,-5.300,17.670,5.050,1.610,9.560,0.010,55.820,126.060,1.690
134.000,-22.189,34.000,801.000,125.294,-41.529,0.329,2816.000,138.090,-25.830,1.800,-40.880,-3.100,-11.730,0.140,48.510,801.000,698.000,0.070,0.070,1.360,-1.180,3.040,-0.630,-4.760,-22.420,4.400,-1.810,14.010,0.010,50.100,93.460,1.850
135.000,-22.189,34.000,801.000,126.527,-41.466,0.318,2816.000,138.090,-25.830,1.800,-40.880,-3.100,-11.730,0.140,48.510,801.000,698.000,0.070,0.070,1.360,-1.180,3.040,-0.630,-4.760,-22.420,4.400,-1.810,14.010,0.010,50.100,93.460,1.850
136.000,-22.189,34.000,801.000,127.759,-41.395,0.309,2816.000,138.090,-25.830,1.800,-40.880,-3.100,-11.730,0.140,48.510,801.000,698.000,0.070,0.070,1.360,-1.180,3.040,-0.630,-4.760,-22.420,4.400,-1.810,14.010,0.010,50.100,93.460,1.850
137.000,-22.189,34.000,801.000,128.988,-41.318,0.299,2816.000,138.090,-25.830,1.800,-40.880,-3.100,-11.730,0.140,48.510,801.000,698.000,0.070,0.070,1.360,-1.180,3.040,-0.630,-4.760,-22.420,4.400,-1.810,14.010,0.010,50.100,93.460,1.850
138.000,-22.189,34.000,801.000,130.215,-41.233,0.291,2816.000,138.090,-25.830,1.800,-40.880,-3.100,-11.730,0.140,48.510,801.000,698.000,0.070,0.070,1.360,-1.180,3.040,-0.630,-4.760,-22.420,4.400,-1.810,14.010,0.010,50.100,93.460,1.850
166.000,-22.189,34.000,845.000,163.039,-36.341,0.040,1626.000,165.770,-37.110,0.000,0.000,-2.680,-69.470,0.050,75.860,801.000,842.000,0.030,10.400,0.000,0.000,0.940,-2.510,-2.680,-69.470,0.940,-2.510,3.630,0.000,46.230,81.680,1.370
167.000,-22.189,34.000,845.000,164.143,-36.090,0.029,1626.000,165.770,-37.110,0.000,0.000,-2.680,-69.470,0.050,75.860,801.000,842.000,0.030,10.400,0.000,0.000,0.940,-2.510,-2.680,-69.470,0.940,-2.510,3.630,0.000,46.230,81.680,1.370
168.000,-22.189,34.000,845.000,165.243,-35.834,0.023,1626.000,165.770,-37.110,0.000,0.000,-2.680,-69.470,0.050,75.860,801.000,842.000,0.030,10.400,0.000,0.000,0.940,-2.510,-2.680,-69.470,0.940,-2.510,3.630,0.000,46.230,81.680,1.370
128.000,-21.189,34.000,801.000,117.840,-40.759,,,,,,,,,,,,,,,,,,,,,,,,,,,
129.000,-21.189,34.000,801.000,119.071,-40.739,0.340,2870.000,127.610,-22.530,1.810,0.120,-3.650,26.190,0.200,11.830,801.000,698.000,0.100,10.410,1.810,0.000,3.270,1.610,-5.330,17.570,5.080,1.610,25.450,0.020,55.820,126.060,1.950
130.000,-21.189,34.000,801.000,120.301,-40.712,0.334,2870.000,127.610,-22.530,1.810,0.120,-3.650,26.190,0.200,11.830,801.000,698.000,0.100,10.410,1.810,0.000,3.270,1.610,-5.330,17.570,5.080,1.610,25.450,0.020,55.820,126.060,1.950
131.000,-21.189,34.000,801.000,121.530,-40.677,0.328,2870.000,127.610,-22.530,1.810,0.120,-3.650,26.190,0.200,11.830,801.000,698.000,0.100,10.410,1.810,0.000,3.270,1.610,-5.330,17.570,5.080,1.610,25.450,0.020,55.820,126.060,1.950
132.000,-21.189,34.000,801.000,122.757,-40.636,0.323,2870.000,127.610,-22.530,1.810,0.120,-3.650,26.190,0.200,11.830,801.000,698.000,0.100,10.410,1.810,0.000,3.270,1.610,-5.330,17.570,5.080,1.610,25.450,0.020,55.820,126.060,1.950
133.000,-21.189,34.000,801.000,123.984,-40.587,0.318,2867.000,128.240,-22.650,1.810,0.120,-3.620,26.400,0.200,11.590,801.000,698.000,0.690,9.820,1.810,0.000,3.240,1.610,-5.300,17.670,5.050,1.610,9.560,0.010,55.820,126.060,1.690
134.000,-21.189,34.000,801.000,125.209,-40.531,0.314,2848.000,132.200,-23.470,1.810,-7.700,-3.440,19.970,0.200,17.870,801.000,698.000,4.440,6.070,1.800,-0.240,3.230,1.170,-5.110,10.440,5.020,0.930,8.640,0.010,46.700,82.480,1.650
135.000,-21.189,34.000,801.000,126.432,-40.468,0.305,2816.000,138.090,-25.830,1.800,-40.880,-3.100,-11.730,0.140,48.510,801.000,698.000,0.070,0.070,1.360,-1.180,3.040,-0.630,-4.760,-22.420,4.400,-1.810,14.010,0.010,50.100,93.460,1.850
165.000,-21.189,34.000,845.000,161.604,-35.623,0.064,1626.000,165.770,-37.110,0.000,0.000,-2.680,-69.470,0.050,75.860,801.000,842.000,0.030,10.400,0.000,0.000,0.940,-2.510,-2.680,-69.470,0.940,-2.510,3.630,0.000,46.230,81.680,1.370
166.000,-21.189,34.000,845.000,162.708,-35.377,0.053,1626.000,165.770,-37.110,0.000,0.000,-2.680,-69.470,0.050,75.860,801.000,842.000,0.030,10.400,0.000,0.000,0.940,-2.510,-2.680,-69.470,0.940,-2.510,3.630,0.000,46.230,81.680,1.370
167.000,-21.189,34.000,844.000,163.808,-35.127,0.044,1626.000,165.770,-37.110,0.000,0.000,-2.680,-69.470,0.050,75.860,801.000,842.000,0.030,10.400,0.000,0.000,0.940,-2.510,-2.680,-69.470,0.940,-2.510,3.630,0.000,46.230,81.680,1.370
168.000,-21.189,34.000,844.000,164.903,-34.873,0.041,1626.000,165.770,-37.110,0.000,0.000,-2.680,-69.470,0.050,75.860,801.000,842.000,0.030,10.400,0.000,0.000,0.940,-2.510,-2.680,-69.470,0.940,-2.510,3.630,0.000,46.230,81.680,1.370
128.000,-20.189,34.000,801.000,117.817,-39.759,0.332,2870.000,127.610,-22.530,1.810,0.120,-3.650,26.190,0.200,11.830,801.000,698.000,0.100,10.410,1.810,0.000,3.270,1.610,-5.330,17.570,5.080,1.610,25.450,0.020,55.820,126.060,1.950
129.000,-20.189,34.000,801.000,119.038,-39.739,0.325,2870.000,127.610,-22.530,1.810,0.120,-3.650,26.190,0.200,11.830,801.000,698.000,0.100,10.410,1.810,0.000,3.270,1.610,-5.330,17.570,5.080,1.610,25.450,0.020,55.820,126.060,1.950
130.000,-20.189,34.000,801.000,120.258,-39.712,0.318,2870.000,127.610,-22.530,1.810,0.120,-3.650,26.190,0.200,11.830,801.000,698.000,0.100,10.410,1.810,0.000,3.270,1.610,-5.330,17.570,5.080,1.610,25.450,0.020,55.820,126.060,1.950
131.000,-20.189,34.000,801.000,121.477,-39.678,0.312,2870.000,127.610,-22.530,1.810,0.120,-3.650,26.190,0.200,11.830,801.000,698.000,0.100,10.410,1.810,0.000,3.270,1.610,-5.330,17.570,5.080,1.610,25.450,0.020,55.820,126.060,1.950
165.000,-20.189,34.000,845.000,161.286,-34.657,0.073,2638.000,157.740,-31.670,1.920,58.080,-3.370,-82.040,0.180,99.750,861.000,834.000,0.090,0.090,1.020,1.630,0.470,-3.340,-2.310,-47.310,1.570,-1.700,21.130,0.010,41.970,171.790,1.930
166.000,-20.189,34.000,844.000,162.386,-34.413,0.067,1626.000,165.770,-37.110,0.000,0.000,-2.680,-69.470,0.050,75.860,801.000,842.000,0.030,10.400,0.000,0.000,0.940,-2.510,-2.680,-69.470,0.940,-2.510,3.630,0.000,46.230,81.680,1.370
167.000,-20.189,34.000,855.000,163.481,-34.164,0.061,1626.000,165.770,-37.110,0.000,0.000,-2.680,-69.470,0.050,75.860,801.000,842.000,0.030,10.400,0.000,0.000,0.940,-2.510,-2.680,-69.470,0.940,-2.510,3.630,0.000,46.230,81.680,1.370
164.000,-19.189,34.000,845.000,159.876,-33.930,0.050,2638.000,157.740,-31.670,1.920,58.080,-3.370,-82.040,0.180,99.750,861.000,834.000,0.090,0.090,1.020,1.630,0.470,-3.340,-2.310,-47.310,1.570,-1.700,21.130,0.010,41.970,171.790,1.930
165.000,-19.189,34.000,844.000,160.976,-33.691,0.059,2638.000,157.740,-31.670,1.920,58.080,-3.370,-82.040,0.180,99.750,861.000,834.000,0.090,0.090,1.020,1.630,0.470,-3.340,-2.310,-47.310,1.570,-1.700,21.130,0.010,41.970,171.790,1.930
166.000,-19.189,34.000,857.000,162.071,-33.448,0.071,2638.000,157.740,-31.670,1.920,58.080,-3.370,-82.040,0.180,99.750,861.000,834.000,0.090,0.090,1.020,1.630,0.470,-3.340,-2.310,-47.310,1.570,-1.700,21.130,0.010,41.970,171.790,1.930
167.000,-19.189,34.000,857.000,163.162,-33.200,0.078,1626.000,165.770,-37.110,0.000,0.000,-2.680,-69.470,0.050,75.860,801.000,842.000,0.030,10.400,0.000,0.000,0.940,-2.510,-2.680,-69.470,0.940,-2.510,3.630,0.000,46.230,81.680,1.370
163.000,-18.189,34.000,845.000,158.478,-33.194,0.029,2638.000,157.740,-31.670,1.920,58.080,-3.370,-82.040,0.180,99.750,861.000,834.000,0.090,0.090,1.020,1.630,0.470,-3.340,-2.310,-47.310,1.570,-1.700,21.130,0.010,41.970,171.790,1.930
164.000,-18.189,34.000,844.000,159.578,-32.961,0.035,2638.000,157.740,-31.670,1.920,58.080,-3.370,-82.040,0.180,99.750,861.000,834.000,0.090,0.090,1.020,1.630,0.470,-3.340,-2.310,-47.310,1.570,-1.700,21.130,0.010,41.970,171.790,1.930
165.000,-18.189,34.000,857.000,160.673,-32.724,0.047,2638.000,157.740,-31.670,1.920,58.080,-3.370,-82.040,0.180,99.750,861.000,834.000,0.090,0.090,1.020,1.630,0.470,-3.340,-2.310,-47.310,1.570,-1.700,21.130,0.010,41.970,171.790,1.930
166.000,-18.189,34.000,857.000,161.763,-32.482,0.060,2621.000,159.980,-29.420,3.410,-8.820,3.280,-132.760,0.180,153.500,861.000,834.000,3.200,3.200,3.370,-0.520,-2.220,-2.410,-3.230,-68.060,1.210,-3.000,35.140,0.040,36.480,163.030,1.980
161.000,-17.189,34.000,861.000,155.579,-32.468,0.035,2638.000,157.740,-31.670,1.920,58.080,-3.370,-82.040,0.180,99.750,861.000,834.000,0.090,0.090,1.020,1.630,0.470,-3.340,-2.310,-47.310,1.570,-1.700,21.130,0.010,41.970,171.790,1.930
162.000,-17.189,34.000,861.000,156.668,-32.211,0.018,2638.000,157.740,-31.670,1.920,58.080,-3.370,-82.040,0.180,99.750,861.000,834.000,0.090,0.090,1.020,1.630,0.470,-3.340,-2.310,-47.310,1.570,-1.700,21.130,0.010,41.970,171.790,1.930
163.000,-17.189,34.000,861.000,157.752,-31.949,0.005,2638.000,157.740,-31.670,1.920,58.080,-3.370,-82.040,0.180,99.750,861.000,834.000,0.090,0.090,1.020,1.630,0.470,-3.340,-2.310,-47.310,1.570,-1.700,21.130,0.010,41.970,171.790,1.930
164.000,-17.189,34.000,844.000,159.286,-31.992,0.024,2638.000,157.740,-31.670,1.920,58.080,-3.370,-82.040,0.180,99.750,861.000,834.000,0.090,0.090,1.020,1.630,0.470,-3.340,-2.310,-47.310,1.570,-1.700,21.130,0.010,41.970,171.790,1.930
165.000,-17.189,34.000,857.000,160.376,-31.756,0.037,2632.000,158.250,-30.640,2.380,25.580,3.360,-102.760,0.200,121.850,861.000,834.000,1.220,1.220,2.150,1.030,-0.740,-3.280,-2.720,-56.780,1.490,-2.280,21.130,0.020,41.290,145.400,1.930
158.000,-16.189,34.000,889.000,152.406,-32.333,0.080,2638.000,157.740,-31.670,1.920,58.080,-3.370,-82.040,0.180,99.750,861.000,834.000,0.090,0.090,1.020,1.630,0.470,-3.340,-2.310,-47.310,1.570,-1.700,21.130,0.010,41.970,171.790,1.930
159.000,-16.189,34.000,860.000,153.514,-32.127,0.063,2638.000,157.740,-31.670,1.920,58.080,-3.370,-82.040,0.180,99.750,861.000,834.000,0.090,0.090,1.020,1.630,0.470,-3.340,-2.310,-47.310,1.570,-1.700,21.130,0.010,41.970,171.790,1.930
160.000,-16.189,34.000,861.000,154.177,-31.754,0.053,2638.000,157.740,-31.670,1.920,58.080,-3.370,-82.040,0.180,99.750,861.000,834.000,0.090,0.090,1.020,1.630,0.470,-3.340,-2.310,-47.310,1.570,-1.700,21.130,0.010,41.970,171.790,1.930
161.000,-16.189,34.000,861.000,155.266,-31.503,0.037,2638.000,157.740,-31.670,1.920,58.080,-3.370,-82.040,0.180,99.750,861.000,834.000,0.090,0.090,1.020,1.630,0.470,-3.340,-2.310,-47.310,1.570,-1.700,21.130,0.010,41.970,171.790,1.930
162.000,-16.189,34.000,861.000,156.350,-31.248,0.022,2637.000,157.780,-31.490,1.970,55.710,-3.370,-81.780,0.180,99.730,861.000,834.000,0.270,0.270,1.110,1.630,0.480,-3.340,-2.390,-45.340,1.680,-1.700,21.130,0.010,41.290,145.400,1.930
163.000,-16.189,34.000,861.000,157.430,-30.988,0.007,2635.000,157.890,-31.140,2.100,29.300,3.370,-103.610,0.200,122.040,861.000,834.000,0.640,0.640,1.830,1.030,-0.790,-3.280,-2.540,-63.730,1.120,-2.280,21.130,0.020,41.290,145.400,1.930
164.000,-16.189,34.000,861.000,158.506,-30.723,0.004,2632.000,158.250,-30.640,2.380,25.580,3.360,-102.760,0.200,121.850,861.000,834.000,1.220,1.220,2.150,1.030,-0.740,-3.280,-2.720,-56.780,1.490,-2.280,21.130,0.020,41.290,145.400,1.930
156.000,-15.189,34.000,836.000,149.940,-31.750,0.116,2638.000,157.740,-31.670,1.920,58.080,-3.370,-82.040,0.180,99.750,861.000,834.000,0.090,0.090,1.020,1.630,0.470,-3.340,-2.310,-47.310,1.570,-1.700,21.130,0.010,41.970,171.790,1.930
157.000,-15.189,34.000,889.000,151.050,-31.556,0.099,2638.000,157.740,-31.670,1.920,58.080,-3.370,-82.040,0.180,99.750,861.000,834.000,0.090,0.090,1.020,1.630,0.470,-3.340,-2.310,-47.310,1.570,-1.700,21.130,0.010,41.970,171.790,1.930
158.000,-15.189,34.000,889.000,152.157,-31.356,0.083,2638.000,157.740,-31.670,1.920,58.080,-3.370,-82.040,0.180,99.750,861.000,834.000,0.090,0.090,1.020,1.630,0.470,-3.340,-2.310,-47.310,1.570,-1.700,21.130,0.010,41.970,171.790,1.930
159.000,-15.189,34.000,860.000,153.260,-31.151,0.067,2638.000,157.740,-31.670,1.920,58.080,-3.370,-82.040,0.180,99.750,861.000,834.000,0.090,0.090,1.020,1.630,0.470,-3.340,-2.310,-47.310,1.570,-1.700,21.130,0.010,41.970,171.790,1.930
160.000,-15.189,34.000,861.000,153.876,-30.788,0.060,2636.000,157.810,-31.310,2.030,53.460,-3.380,-81.510,0.180,99.710,861.000,834.000,0.450,0.450,1.210,1.630,0.500,-3.340,-2.470,-43.490,1.790,-1.700,21.130,0.010,41.290,145.400,1.930
161.000,-15.189,34.000,861.000,154.960,-30.538,0.045,2636.000,157.810,-31.310,2.030,53.460,-3.380,-81.510,0.180,99.710,861.000,834.000,0.450,0.450,1.210,1.630,0.500,-3.340,-2.470,-43.490,1.790,-1.700,21.130,0.010,41.290,145.400,1.930
162.000,-15.189,34.000,861.000,156.039,-30.284,0.032,2635.000,157.890,-31.140,2.100,29.300,3.370,-103.610,0.200,122.040,861.000,834.000,0.640,0.640,1.830,1.030,-0.790,-3.280,-2.540,-63.730,1.120,-2.280,21.130,0.020,41.290,145.400,1.930
163.000,-15.189,34.000,861.000,157.115,-30.025,0.020,2632.000,158.250,-30.640,2.380,25.580,3.360,-102.760,0.200,121.850,861.000,834.000,1.220,1.220,2.150,1.030,-0.740,-3.280,-2.720,-56.780,1.490,-2.280,21.130,0.020,41.290,145.400,1.930
155.000,-14.189,34.000,836.000,148.601,-30.958,0.137,2638.000,157.740,-31.670,1.920,58.080,-3.370,-82.040,0.180,99.750,861.000,834.000,0.090,0.090,1.020,1.630,0.470,-3.340,-2.310,-47.310,1.570,-1.700,21.130,0.010,41.970,171.790,1.930
156.000,-14.189,34.000,836.000,149.709,-30.770,0.121,2638.000,157.740,-31.670,1.920,58.080,-3.370,-82.040,0.180,99.750,861.000,834.000,0.090,0.090,1.020,1.630,0.470,-3.340,-2.310,-47.310,1.570,-1.700,21.130,0.010,41.970,171.790,1.930
157.000,-14.189,34.000,836.000,150.813,-30.576,0.105,2638.000,157.740,-31.670,1.920,58.080,-3.370,-82.040,0.180,99.750,861.000,834.000,0.090,0.090,1.020,1.630,0.470,-3.340,-2.310,-47.310,1.570,-1.700,21.130,0.010,41.970,171.790,1.930
158.000,-14.189,34.000,889.000,151.914,-30.378,0.090,2636.000,157.810,-31.310,2.030,53.460,-3.380,-81.510,0.180,99.710,861.000,834.000,0.450,0.450,1.210,1.630,0.500,-3.340,-2.470,-43.490,1.790,-1.700,21.130,0.010,41.290,145.400,1.930
159.000,-14.189,34.000,889.000,153.012,-30.174,0.075,2636.000,157.810,-31.310,2.030,53.460,-3.380,-81.510,0.180,99.710,861.000,834.000,0.450,0.450,1.210,1.630,0.500,-3.340,-2.470,-43.490,1.790,-1.700,21.130,0.010,41.290,145.400,1.930
160.000,-14.189,34.000,860.000,154.106,-29.965,0.060,2636.000,157.810,-31.310,2.030,53.460,-3.380,-81.510,0.180,99.710,861.000,834.000,0.450,0.450,1.210,1.630,0.500,-3.340,-2.470,-43.490,1.790,-1.700,21.130,0.010,41.290,145.400,1.930
161.000,-14.189,34.000,861.000,154.660,-29.573,0.056,2635.000,157.890,-31.140,2.100,29.300,3.370,-103.610,0.200,122.040,861.000,834.000,0.640,0.640,1.830,1.030,-0.790,-3.280,-2.540,-63.730,1.120,-2.280,21.130,0.020,41.290,145.400,1.930
136.000,-13.189,34.000,801.000,126.911,-32.421,0.171,2865.000,128.660,-22.710,1.810,3.110,-3.600,29.550,0.200,8.430,801.000,698.000,1.080,9.430,1.810,0.100,3.130,1.780,-5.280,20.730,4.940,1.870,9.560,0.010,50.370,101.760,1.690
137.000,-13.189,34.000,801.000,128.060,-32.348,0.167,2851.000,131.590,-23.290,1.810,-7.700,-3.470,19.780,0.200,18.110,801.000,698.000,3.850,6.660,1.800,-0.240,3.260,1.170,-5.140,10.370,5.060,0.930,7.100,0.010,46.700,81.060,1.580
154.000,-13.189,34.000,836.000,147.275,-30.158,0.159,2638.000,157.740,-31.670,1.920,58.080,-3.370,-82.040,0.180,99.750,861.000,834.000,0.090,0.090,1.020,1.630,0.470,-3.340,-2.310,-47.310,1.570,-1.700,21.130,0.010,41.970,171.790,1.930
155.000,-13.189,34.000,836.000,148.380,-29.976,0.143,2638.000,157.740,-31.670,1.920,58.080,-3.370,-82.040,0.180,99.750,861.000,834.000,0.090,0.090,1.020,1.630,0.470,-3.340,-2.310,-47.310,1.570,-1.700,21.130,0.010,41.970,171.790,1.930
156.000,-13.189,34.000,836.000,149.482,-29.789,0.128,2636.000,157.810,-31.310,2.030,53.460,-3.380,-81.510,0.180,99.710,861.000,834.000,0.450,0.450,1.210,1.630,0.500,-3.340,-2.470,-43.490,1.790,-1.700,21.130,0.010,41.290,145.400,1.930
157.000,-13.189,34.000,836.000,150.580,-29.597,0.113,2636.000,157.810,-31.310,2.030,53.460,-3.380,-81.510,0.180,99.710,861.000,834.000,0.450,0.450,1.210,1.630,0.500,-3.340,-2.470,-43.490,1.790,-1.700,21.130,0.010,41.290,145.400,1.930
158.000,-13.189,34.000,836.000,151.676,-29.399,0.098,2636.000,157.810,-31.310,2.030,53.460,-3.380,-81.510,0.180,99.710,861.000,834.000,0.450,0.450,1.210,1.630,0.500,-3.340,-2.470,-43.490,1.790,-1.700,21.130,0.010,41.290,145.400,1.930
135.000,-12.189,34.000,801.000,125.684,-31.489,0.159,2869.000,127.820,-22.570,1.810,0.120,-3.640,26.260,0.200,11.750,801.000,698.000,0.290,10.220,1.810,0.000,3.260,1.610,-5.320,17.600,5.070,1.610,25.450,0.020,55.820,126.060,1.950
136.000,-12.189,34.000,801.000,126.828,-31.423,0.155,2866.000,128.450,-22.680,1.810,3.110,-3.610,29.470,0.200,8.520,801.000,698.000,0.890,9.630,1.810,0.100,3.140,1.780,-5.290,20.690,4.950,1.870,9.560,0.010,55.820,126.060,1.690
137.000,-12.189,34.000,801.000,127.969,-31.351,0.151,2861.000,129.520,-22.830,1.810,3.110,-3.560,29.890,0.200,8.100,801.000,698.000,1.880,8.630,1.810,0.100,3.090,1.780,-5.240,20.890,4.900,1.870,13.360,0.020,58.020,109.570,1.830
138.000,-12.189,34.000,801.000,129.110,-31.273,0.144,2848.000,132.200,-23.470,1.810,-7.700,-3.440,19.970,0.200,17.870,801.000,698.000,4.440,6.070,1.800,-0.240,3.230,1.170,-5.110,10.440,5.020,0.930,8.640,0.010,46.700,82.480,1.650
139.000,-12.189,34.000,801.000,130.249,-31.188,0.138,2847.000,132.410,-23.530,1.810,-4.360,-3.430,23.380,0.190,14.440,801.000,698.000,4.640,5.870,1.810,-0.140,3.140,1.360,-5.100,13.810,4.950,1.220,8.640,0.010,46.700,82.480,1.650
140.000,-12.189,34.000,801.000,131.386,-31.097,0.132,2841.000,133.640,-23.810,1.810,-4.360,-3.370,23.820,0.190,13.950,801.000,698.000,4.710,4.710,1.810,-0.140,3.080,1.360,-5.030,13.990,4.890,1.220,8.640,0.010,40.180,82.480,1.650
153.000,-12.189,34.000,836.000,145.962,-29.350,0.136,2816.000,138.090,-25.830,1.800,-40.880,-3.100,-11.730,0.140,48.510,801.000,698.000,0.070,0.070,1.360,-1.180,3.040,-0.630,-4.760,-22.420,4.400,-1.810,14.010,0.010,50.100,93.460,1.850
154.000,-12.189,34.000,836.000,147.064,-29.175,0.150,2816.000,138.090,-25.830,1.800,-40.880,-3.100,-11.730,0.140,48.510,801.000,698.000,0.070,0.070,1.360,-1.180,3.040,-0.630,-4.760,-22.420,4.400,-1.810,14.010,0.010,50.100,93.460,1.850
155.000,-12.189,34.000,836.000,148.163,-28.994,0.151,2636.000,157.810,-31.310,2.030,53.460,-3.380,-81.510,0.180,99.710,861.000,834.000,0.450,0.450,1.210,1.630,0.500,-3.340,-2.470,-43.490,1.790,-1.700,21.130,0.010,41.290,145.400,1.930
156.000,-12.189,34.000,836.000,149.259,-28.808,0.136,2636.000,157.810,-31.310,2.030,53.460,-3.380,-81.510,0.180,99.710,861.000,834.000,0.450,0.450,1.210,1.630,0.500,-3.340,-2.470,-43.490,1.790,-1.700,21.130,0.010,41.290,145.400,1.930
134.000,-11.189,34.000,801.000,124.474,-30.549,0.148,2870.000,127.610,-22.530,1.810,0.120,-3.650,26.190,0.200,11.830,801.000,698.000,0.100,10.410,1.810,0.000,3.270,1.610,-5.330,17.570,5.080,1.610,25.450,0.020,55.820,126.060,1.950
135.000,-11.189,34.000,801.000,125.611,-30.491,0.142,2870.000,127.610,-22.530,1.810,0.120,-3.650,26.190,0.200,11.830,801.000,698.000,0.100,10.410,1.810,0.000,3.270,1.610,-5.330,17.570,5.080,1.610,25.450,0.020,55.820,126.060,1.950
136.000,-11.189,34.000,801.000,126.746,-30.426,0.138,2867.000,128.240,-22.650,1.810,0.120,-3.620,26.400,0.200,11.590,801.000,698.000,0.690,9.820,1.810,0.000,3.240,1.610,-5.300,17.670,5.050,1.610,9.560,0.010,55.820,126.060,1.690
137.000,-11.189,34.000,801.000,127.880,-30.354,0.134,2862.000,129.300,-22.800,1.810,3.110,-3.570,29.800,0.200,8.190,801.000,698.000,1.680,8.830,1.810,0.100,3.100,1.780,-5.250,20.850,4.910,1.870,9.560,0.010,50.370,101.760,1.690
138.000,-11.189,34.000,801.000,129.013,-30.276,0.128,2851.000,131.590,-23.290,1.810,-7.700,-3.470,19.780,0.200,18.110,801.000,698.000,3.850,6.660,1.800,-0.240,3.260,1.170,-5.140,10.370,5.060,0.930,7.100,0.010,46.700,81.060,1.580
139.000,-11.189,34.000,801.000,130.144,-30.192,0.121,2847.000,132.410,-23.530,1.810,-4.360,-3.430,23.380,0.190,14.440,801.000,698.000,4.640,5.870,1.810,-0.140,3.140,1.360,-5.100,13.810,4.950,1.220,8.640,0.010,46.700,82.480,1.650
140.000,-11.189,34.000,801.000,131.274,-30.101,0.115,2843.000,133.230,-23.720,1.810,-4.360,-3.390,23.670,0.190,14.110,801.000,698.000,5.100,5.100,1.810,-0.140,3.100,1.360,-5.060,13.930,4.910,1.220,8.640,0.010,40.180,82.480,1.650
141.000,-11.189,34.000,801.000,132.402,-30.004,0.109,2838.000,134.260,-23.950,1.810,-4.360,-3.340,24.050,0.190,13.700,801.000,698.000,4.130,4.130,1.810,-0.140,3.050,1.360,-5.000,14.080,4.850,1.220,8.640,0.010,40.180,82.480,1.650
142.000,-11.189,34.000,801.000,133.528,-29.901,0.100,2816.000,138.090,-25.830,1.800,-40.880,-3.100,-11.730,0.140,48.510,801.000,698.000,0.070,0.070,1.360,-1.180,3.040,-0.630,-4.760,-22.420,4.400,-1.810,14.010,0.010,50.100,93.460,1.850
151.000,-11.189,34.000,836.000,143.560,-28.697,0.098,2816.000,138.090,-25.830,1.800,-40.880,-3.100,-11.730,0.140,48.510,801.000,698.000,0.070,0.070,1.360,-1.180,3.040,-0.630,-4.760,-22.420,4.400,-1.810,14.010,0.010,50.100,93.460,1.850
152.000,-11.189,34.000,836.000,144.662,-28.534,0.112,2816.000,138.090,-25.830,1.800,-40.880,-3.100,-11.730,0.140,48.510,801.000,698.000,0.070,0.070,1.360,-1.180,3.040,-0.630,-4.760,-22.420,4.400,-1.810,14.010,0.010,50.100,93.460,1.850
153.000,-11.189,34.000,836.000,145.761,-28.366,0.127,2816.000,138.090,-25.830,1.800,-40.880,-3.100,-11.730,0.140,48.510,801.000,698.000,0.070,0.070,1.360,-1.180,3.040,-0.630,-4.760,-22.420,4.400,-1.810,14.010,0.010,50.100,93.460,1.850
154.000,-11.189,34.000,836.000,146.858,-28.191,0.142,2816.000,138.090,-25.830,1.800,-40.880,-3.100,-11.730,0.140,48.510,801.000,698.000,0.070,0.070,1.360,-1.180,3.040,-0.630,-4.760,-22.420,4.400,-1.810,14.010,0.010,50.100,93.460,1.850
155.000,-11.189,34.000,836.000,147.951,-28.012,0.158,2816.000,138.090,-25.830,1.800,-40.880,-3.100,-11.730,0.140,48.510,801.000,698.000,0.070,0.070,1.360,-1.180,3.040,-0.630,-4.760,-22.420,4.400,-1.810,14.010,0.010,50.100,93.460,1.850
133.000,-10.189,34.000,801.000,123.279,-29.602,0.141,2870.000,127.610,-22.530,1.810,0.120,-3.650,26.190,0.200,11.830,801.000,698.000,0.100,10.410,1.810,0.000,3.270,1.610,-5.330,17.570,5.080,1.610,25.450,0.020,55.820,126.060,1.950
134.000,-10.189,34.000,801.000,124.409,-29.551,0.132,2870.000,127.610,-22.530,1.810,0.120,-3.650,26.190,0.200,11.830,801.000,698.000,0.100,10.410,1.810,0.000,3.270,1.610,-5.330,17.570,5.080,1.610,25.450,0.020,55.820,126.060,1.950
135.000,-10.189,34.000,801.000,125.538,-29.493,0.126,2870.000,127.610,-22.530,1.810,0.120,-3.650,26.190,0.200,11.830,801.000,698.000,0.100,10.410,1.810,0.000,3.270,1.610,-5.330,17.570,5.080,1.610,25.450,0.020,55.820,126.060,1.950
136.000,-10.189,34.000,801.000,126.666,-29.428,0.121,2867.000,128.240,-22.650,1.810,0.120,-3.620,26.400,0.200,11.590,801.000,698.000,0.690,9.820,1.810,0.000,3.240,1.610,-5.300,17.670,5.050,1.610,9.560,0.010,55.820,126.060,1.690
137.000,-10.189,34.000,801.000,127.793,-29.357,0.117,2864.000,128.880,-22.740,1.810,3.110,-3.590,29.630,0.200,8.350,801.000,698.000,1.280,9.230,1.810,0.100,3.120,1.780,-5.270,20.770,4.930,1.870,9.560,0.010,50.370,101.760,1.690
138.000,-10.189,34.000,801.000,128.918,-29.280,0.112,2853.000,131.190,-23.170,1.810,-7.700,-3.490,19.660,0.200,18.270,801.000,698.000,3.460,7.050,1.800,-0.240,3.280,1.170,-5.160,10.330,5.080,0.930,10.190,0.010,52.040,94.100,1.710
139.000,-10.189,34.000,801.000,130.042,-29.196,0.105,2848.000,132.200,-23.470,1.810,-7.700,-3.440,19.970,0.200,17.870,801.000,698.000,4.440,6.070,1.800,-0.240,3.230,1.170,-5.110,10.440,5.020,0.930,8.640,0.010,46.700,82.480,1.650
140.000,-10.189,34.000,801.000,131.164,-29.106,0.099,2845.000,132.820,-23.620,1.810,-4.360,-3.410,23.520,0.190,14.280,801.000,698.000,5.030,5.490,1.810,-0.140,3.120,1.360,-5.080,13.870,4.930,1.220,8.640,0.010,40.180,82.480,1.650
141.000,-10.189,34.000,801.000,132.285,-29.010,0.093,2840.000,133.840,-23.860,1.810,-4.360,-3.360,23.900,0.190,13.860,801.000,698.000,4.520,4.520,1.810,-0.140,3.070,1.360,-5.020,14.020,4.870,1.220,8.640,0.010,40.180,82.480,1.650
142.000,-10.189,34.000,801.000,133.404,-28.907,0.087,2835.000,134.870,-24.090,1.810,-4.360,-3.300,24.290,0.190,13.440,801.000,698.000,3.550,3.550,1.800,-0.140,3.010,1.360,-4.970,14.180,4.820,1.220,5.970,0.010,40.180,75.380,1.530
143.000,-10.189,34.000,801.000,134.521,-28.798,0.076,2816.000,138.090,-25.830,1.800,-40.880,-3.100,-11.730,0.140,48.510,801.000,698.000,0.070,0.070,1.360,-1.180,3.040,-0.630,-4.760,-22.420,4.400,-1.810,14.010,0.010,50.100,93.460,1.850
144.000,-10.189,34.000,801.000,135.635,-28.683,0.063,2816.000,138.090,-25.830,1.800,-40.880,-3.100,-11.730,0.140,48.510,801.000,698.000,0.070,0.070,1.360,-1.180,3.040,-0.630,-4.760,-22.420,4.400,-1.810,14.010,0.010,50.100,93.460,1.850
149.000,-10.189,34.000,698.000,141.195,-27.858,0.060,2816.000,138.090,-25.830,1.800,-40.880,-3.100,-11.730,0.140,48.510,801.000,698.000,0.070,0.070,1.360,-1.180,3.040,-0.630,-4.760,-22.420,4.400,-1.810,14.010,0.010,50.100,93.460,1.850
150.000,-10.189,34.000,698.000,142.295,-27.707,0.073,2816.000,138.090,-25.830,1.800,-40.880,-3.100,-11.730,0.140,48.510,801.000,698.000,0.070,0.070,1.360,-1.180,3.040,-0.630,-4.760,-22.420,4.400,-1.810,14.010,0.010,50.100,93.460,1.850
151.000,-10.189,34.000,836.000,143.376,-27.711,0.089,2816.000,138.090,-25.830,1.800,-40.880,-3.100,-11.730,0.140,48.510,801.000,698.000,0.070,0.070,1.360,-1.180,3.040,-0.630,-4.760,-22.420,4.400,-1.810,14.010,0.010,50.100,93.460,1.850
152.000,-10.189,34.000,836.000,144.471,-27.548,0.104,2816.000,138.090,-25.830,1.800,-40.880,-3.100,-11.730,0.140,48.510,801.000,698.000,0.070,0.070,1.360,-1.180,3.040,-0.630,-4.760,-22.420,4.400,-1.810,14.010,0.010,50.100,93.460,1.850
153.000,-10.189,34.000,836.000,145.565,-27.381,0.120,2816.000,138.090,-25.830,1.800,-40.880,-3.100,-11.730,0.140,48.510,801.000,698.000,0.070,0.070,1.360,-1.180,3.040,-0.630,-4.760,-22.420,4.400,-1.810,14.010,0.010,50.100,93.460,1.850
154.000,-10.189,34.000,836.000,146.655,-27.208,0.136,2816.000,138.090,-25.830,1.800,-40.880,-3.100,-11.730,0.140,48.510,801.000,698.000,0.070,0.070,1.360,-1.180,3.040,-0.630,-4.760,-22.420,4.400,-1.810,14.010,0.010,50.100,93.460,1.850
133.000,-9.189,34.000,801.000,123.223,-28.603,0.126,2870.000,127.610,-22.530,1.810,0.120,-3.650,26.190,0.200,11.830,801.000,698.000,0.100,10.410,1.810,0.000,3.270,1.610,-5.330,17.570,5.080,1.610,25.450,0.020,55.820,126.060,1.950
134.000,-9.189,34.000,801.000,124.346,-28.552,0.117,2870.000,127.610,-22.530,1.810,0.120,-3.650,26.190,0.200,11.830,801.000,698.000,0.100,10.410,1.810,0.000,3.270,1.610,-5.330,17.570,5.080,1.610,25.450,0.020,55.820,126.060,1.950
135.000,-9.189,34.000,801.000,125.468,-28.495,0.109,2870.000,127.610,-22.530,1.810,0.120,-3.650,26.190,0.200,11.830,801.000,698.000,0.100,10.410,1.810,0.000,3.270,1.610,-5.330,17.570,5.080,1.610,25.450,0.020,55.820,126.060,1.950
139.000,-9.189,34.000,615.000,129.942,-28.200,0.089,2851.000,131.590,-23.290,1.810,-7.700,-3.470,19.780,0.200,18.110,801.000,698.000,3.850,6.660,1.800,-0.240,3.260,1.170,-5.140,10.370,5.060,0.930,7.100,0.010,46.700,81.060,1.580
140.000,-9.189,34.000,615.000,131.057,-28.110,0.083,2847.000,132.410,-23.530,1.810,-4.360,-3.430,23.380,0.190,14.440,801.000,698.000,4.640,5.870,1.810,-0.140,3.140,1.360,-5.100,13.810,4.950,1.220,8.640,0.010,46.700,82.480,1.650
141.000,-9.189,34.000,615.000,132.170,-28.015,0.077,2843.000,133.230,-23.720,1.810,-4.360,-3.390,23.670,0.190,14.110,801.000,698.000,5.100,5.100,1.810,-0.140,3.100,1.360,-5.060,13.930,4.910,1.220,8.640,0.010,40.180,82.480,1.650
142.000,-9.189,34.000,615.000,133.282,-27.913,0.071,2838.000,134.260,-23.950,1.810,-4.360,-3.340,24.050,0.190,13.700,801.000,698.000,4.130,4.130,1.810,-0.140,3.050,1.360,-5.000,14.080,4.850,1.220,8.640,0.010,40.180,82.480,1.650
143.000,-9.189,34.000,615.000,134.392,-27.805,0.064,2827.000,136.420,-24.610,1.810,-21.460,-3.220,7.670,0.190,29.880,801.000,698.000,2.030,2.030,1.680,-0.660,3.190,0.430,-4.880,-2.770,4.870,-0.240,10.440,0.010,46.830,93.460,1.720
144.000,-9.189,34.000,615.000,135.500,-27.690,0.052,2816.000,138.090,-25.830,1.800,-40.880,-3.100,-11.730,0.140,48.510,801.000,698.000,0.070,0.070,1.360,-1.180,3.040,-0.630,-4.760,-22.420,4.400,-1.810,14.010,0.010,50.100,93.460,1.850
145.000,-9.189,34.000,615.000,136.606,-27.570,0.038,2816.000,138.090,-25.830,1.800,-40.880,-3.100,-11.730,0.140,48.510,801.000,698.000,0.070,0.070,1.360,-1.180,3.040,-0.630,-4.760,-22.420,4.400,-1.810,14.010,0.010,50.100,93.460,1.850
149.000,-9.189,34.000,698.000,141.027,-26.869,0.049,2816.000,138.090,-25.830,1.800,-40.880,-3.100,-11.730,0.140,48.510,801.000,698.000,0.070,0.070,1.360,-1.180,3.040,-0.630,-4.760,-22.420,4.400,-1.810,14.010,0.010,50.100,93.460,1.850
150.000,-9.189,34.000,836.000,142.102,-26.879,0.065,2816.000,138.090,-25.830,1.800,-40.880,-3.100,-11.730,0.140,48.510,801.000,698.000,0.070,0.070,1.360,-1.180,3.040,-0.630,-4.760,-22.420,4.400,-1.810,14.010,0.010,50.100,93.460,1.850
151.000,-9.189,34.000,836.000,143.195,-26.724,0.081,2816.000,138.090,-25.830,1.800,-40.880,-3.100,-11.730,0.140,48.510,801.000,698.000,0.070,0.070,1.360,-1.180,3.040,-0.630,-4.760,-22.420,4.400,-1.810,14.010,0.010,50.100,93.460,1.850
152.000,-9.189,34.000,836.000,144.284,-26.562,0.098,2816.000,138.090,-25.830,1.800,-40.880,-3.100,-11.730,0.140,48.510,801.000,698.000,0.070,0.070,1.360,-1.180,3.040,-0.630,-4.760,-22.420,4.400,-1.810,14.010,0.010,50.100,93.460,1.850
153.000,-9.189,34.000,836.000,145.371,-26.396,0.114,2816.000,138.090,-25.830,1.800,-40.880,-3.100,-11.730,0.140,48.510,801.000,698.000,0.070,0.070,1.360,-1.180,3.040,-0.630,-4.760,-22.420,4.400,-1.810,14.010,0.010,50.100,93.460,1.850
133.000,-8.189,34.000,801.000,123.169,-27.604,0.113,2870.000,127.610,-22.530,1.810,0.120,-3.650,26.190,0.200,11.830,801.000,698.000,0.100,10.410,1.810,0.000,3.270,1.610,-5.330,17.570,5.080,1.610,25.450,0.020,55.820,126.060,1.950
134.000,-8.189,34.000,801.000,124.284,-27.554,0.102,2870.000,127.610,-22.530,1.810,0.120,-3.650,26.190,0.200,11.830,801.000,698.000,0.100,10.410,1.810,0.000,3.270,1.610,-5.330,17.570,5.080,1.610,25.450,0.020,55.820,126.060,1.950
135.000,-8.189,34.000,801.000,125.398,-27.496,0.093,2870.000,127.610,-22.530,1.810,0.120,-3.650,26.190,0.200,11.830,801.000,698.000,0.100,10.410,1.810,0.000,3.270,1.610,-5.330,17.570,5.080,1.610,25.450,0.020,55.820,126.060,1.950
142.000,-8.189,34.000,615.000,133.163,-26.918,0.054,2840.000,133.840,-23.860,1.810,-4.360,-3.360,23.900,0.190,13.860,801.000,698.000,4.520,4.520,1.810,-0.140,3.070,1.360,-5.020,14.020,4.870,1.220,8.640,0.010,40.180,82.480,1.650
143.000,-8.189,34.000,615.000,134.266,-26.811,0.048,2835.000,134.870,-24.090,1.810,-4.360,-3.300,24.290,0.190,13.440,801.000,698.000,3.550,3.550,1.800,-0.140,3.010,1.360,-4.970,14.180,4.820,1.220,5.970,0.010,40.180,75.380,1.530
144.000,-8.189,34.000,615.000,135.367,-26.697,0.040,2826.000,136.600,-24.700,1.810,-21.470,-3.210,7.690,0.190,29.810,801.000,698.000,1.840,1.840,1.680,-0.660,3.180,0.430,-4.870,-2.780,4.860,-0.240,10.440,0.010,46.830,93.460,1.720
145.000,-8.189,34.000,615.000,136.466,-26.578,0.027,2820.000,137.590,-25.380,1.800,-33.590,-3.140,-4.380,0.190,41.470,801.000,698.000,0.710,0.710,1.500,-1.000,3.130,-0.240,-4.800,-15.000,4.630,-1.240,8.530,0.010,50.100,93.460,1.650
146.000,-8.189,34.000,615.000,137.563,-26.452,0.014,2816.000,138.090,-25.830,1.800,-40.880,-3.100,-11.730,0.140,48.510,801.000,698.000,0.070,0.070,1.360,-1.180,3.040,-0.630,-4.760,-22.420,4.400,-1.810,14.010,0.010,50.100,93.460,1.850
147.000,-8.189,34.000,698.000,138.681,-26.160,0.011,2816.000,138.090,-25.830,1.800,-40.880,-3.100,-11.730,0.140,48.510,801.000,698.000,0.070,0.070,1.360,-1.180,3.040,-0.630,-4.760,-22.420,4.400,-1.810,14.010,0.010,50.100,93.460,1.850
150.000,-8.189,34.000,830.000,149.920,-11.881,0.073,1379.000,152.610,-8.670,12.230,18.370,8.840,-170.250,0.180,218.880,901.000,847.000,3.560,3.560,11.610,3.850,-8.710,-1.500,-3.750,39.240,2.900,2.370,116.130,0.240,6.550,171.030,2.750
151.000,-8.189,34.000,830.000,150.697,-12.515,0.073,1385.000,153.480,-9.370,12.110,18.560,8.770,-170.170,0.180,218.740,901.000,847.000,4.670,4.670,11.480,3.850,-8.640,-1.500,-3.700,39.840,2.840,2.370,116.130,0.230,6.550,171.030,2.750
121.000,-7.189,34.000,668.000,113.585,-8.611,0.011,2374.000,113.760,-7.980,5.310,1.970,-1.150,62.950,0.170,22.320,801.000,736.000,0.250,0.250,5.310,0.180,0.520,1.030,-5.960,12.490,5.810,1.290,46.050,0.070,17.040,289.370,2.230
122.000,-7.189,34.000,566.000,115.764,-19.495,0.200,2870.000,127.610,-22.530,1.810,0.120,-3.650,26.190,0.200,11.830,801.000,698.000,0.100,10.410,1.810,0.000,3.270,1.610,-5.330,17.570,5.080,1.610,25.450,0.020,55.820,126.060,1.950
133.000,-7.189,34.000,801.000,123.115,-26.606,0.101,2870.000,127.610,-22.530,1.810,0.120,-3.650,26.190,0.200,11.830,801.000,698.000,0.100,10.410,1.810,0.000,3.270,1.610,-5.330,17.570,5.080,1.610,25.450,0.020,55.820,126.060,1.950
134.000,-7.189,34.000,801.000,124.223,-26.555,0.088,2870.000,127.610,-22.530,1.810,0.120,-3.650,26.190,0.200,11.830,801.000,698.000,0.100,10.410,1.810,0.000,3.270,1.610,-5.330,17.570,5.080,1.610,25.450,0.020,55.820,126.060,1.950
135.000,-7.189,34.000,801.000,125.330,-26.498,0.078,2870.000,127.610,-22.530,1.810,0.120,-3.650,26.190,0.200,11.830,801.000,698.000,0.100,10.410,1.810,0.000,3.270,1.610,-5.330,17.570,5.080,1.610,25.450,0.020,55.820,126.060,1.950
144.000,-7.189,34.000,615.000,135.236,-25.704,0.026,2829.000,136.070,-24.430,1.810,-21.450,-3.240,7.620,0.190,30.030,801.000,698.000,2.400,2.400,1.680,-0.660,3.210,0.430,-4.900,-2.760,4.890,-0.240,10.440,0.010,46.830,86.610,1.720
145.000,-7.189,34.000,615.000,136.329,-25.585,0.016,2824.000,136.950,-24.890,1.810,-21.480,-3.190,7.750,0.190,29.660,801.000,698.000,1.470,1.470,1.680,-0.660,3.160,0.430,-4.840,-2.790,4.840,-0.240,10.440,0.010,46.830,93.460,1.720
146.000,-7.189,34.000,615.000,137.419,-25.460,0.003,2820.000,137.590,-25.380,1.800,-33.590,-3.140,-4.380,0.190,41.470,801.000,698.000,0.710,0.710,1.500,-1.000,3.130,-0.240,-4.800,-15.000,4.630,-1.240,8.530,0.010,50.100,93.460,1.650
147.000,-7.189,34.000,698.000,138.532,-25.169,0.013,2817.000,137.990,-25.720,1.800,-40.870,-3.110,-11.700,0.140,48.550,801.000,698.000,0.210,0.210,1.360,-1.180,3.050,-0.630,-4.770,-22.370,4.410,-1.810,8.530,0.010,50.100,93.460,1.650
148.000,-7.189,34.000,830.000,149.021,-9.843,0.037,2160.000,147.820,-8.120,14.180,32.890,10.310,173.250,0.190,330.350,922.000,688.000,11.310,11.310,11.910,7.700,-10.240,1.210,-9.040,77.800,1.910,8.840,63.780,0.200,13.810,158.070,2.490
149.000,-7.189,34.000,830.000,149.796,-10.478,0.052,1368.000,150.900,-7.710,12.430,33.830,8.950,-154.550,0.190,203.170,901.000,847.000,1.610,1.610,10.330,6.920,-8.080,-3.850,-3.820,53.990,2.250,3.090,118.740,0.210,8.270,169.950,2.750
121.000,-6.189,34.000,668.000,114.182,-7.804,0.006,2375.000,113.910,-8.040,5.260,1.990,-1.180,60.750,0.170,22.300,801.000,736.000,0.080,0.080,5.260,0.180,0.570,1.030,-5.950,12.500,5.810,1.290,46.050,0.070,17.040,289.370,2.230
122.000,-6.189,34.000,566.000,115.661,-18.500,0.185,2375.000,113.910,-8.040,5.260,1.990,-1.180,60.750,0.170,22.300,801.000,736.000,0.080,0.080,5.260,0.180,0.570,1.030,-5.950,12.500,5.810,1.290,46.050,0.070,17.040,289.370,2.230
123.000,-6.189,34.000,566.000,116.704,-18.402,0.185,1584.000,119.270,-8.070,8.730,16.500,3.030,-178.860,0.160,10.340,781.000,669.000,4.830,7.290,8.370,2.480,-3.030,-0.060,-5.860,24.300,5.340,2.410,52.840,0.110,34.360,230.530,2.480
124.000,-6.189,34.000,566.000,117.746,-18.299,0.177,2870.000,127.610,-22.530,1.810,0.120,-3.650,26.190,0.200,11.830,801.000,698.000,0.100,10.410,1.810,0.000,3.270,1.610,-5.330,17.570,5.080,1.610,25.450,0.020,55.820,126.060,1.950
125.000,-6.189,34.000,566.000,118.786,-18.193,0.163,2870.000,127.610,-22.530,1.810,0.120,-3.650,26.190,0.200,11.830,801.000,698.000,0.100,10.410,1.810,0.000,3.270,1.610,-5.330,17.570,5.080,1.610,25.450,0.020,55.820,126.060,1.950
132.000,-6.189,34.000,684.000,121.960,-25.650,0.105,2870.000,127.610,-22.530,1.810,0.120,-3.650,26.190,0.200,11.830,801.000,698.000,0.100,10.410,1.810,0.000,3.270,1.610,-5.330,17.570,5.080,1.610,25.450,0.020,55.820,126.060,1.950
133.000,-6.189,34.000,684.000,123.062,-25.607,0.090,2870.000,127.610,-22.530,1.810,0.120,-3.650,26.190,0.200,11.830,801.000,698.000,0.100,10.410,1.810,0.000,3.270,1.610,-5.330,17.570,5.080,1.610,25.450,0.020,55.820,126.060,1.950
134.000,-6.189,34.000,615.000,124.163,-25.557,0.076,2870.000,127.610,-22.530,1.810,0.120,-3.650,26.190,0.200,11.830,801.000,698.000,0.100,10.410,1.810,0.000,3.270,1.610,-5.330,17.570,5.080,1.610,25.450,0.020,55.820,126.060,1.950
135.000,-6.189,34.000,801.000,125.263,-25.500,0.064,2870.000,127.610,-22.530,1.810,0.120,-3.650,26.190,0.200,11.830,801.000,698.000,0.100,10.410,1.810,0.000,3.270,1.610,-5.330,17.570,5.080,1.610,25.450,0.020,55.820,126.060,1.950
146.000,-6.189,34.000,698.000,137.303,-24.308,0.012,2824.000,136.950,-24.890,1.810,-21.480,-3.190,7.750,0.190,29.660,801.000,698.000,1.470,1.470,1.680,-0.660,3.160,0.430,-4.840,-2.790,4.840,-0.240,10.440,0.010,46.830,93.460,1.720
147.000,-6.189,34.000,69702.000,153.221,-0.954,0.039,2210.000,155.170,-2.040,18.280,9.870,15.890,-158.960,0.200,300.880,901.000,688.000,1.700,1.700,18.010,3.130,-14.830,-5.710,-4.060,-40.190,3.100,-2.620,101.010,0.380,16.880,162.870,2.590
148.000,-6.189,34.000,830.000,149.669,-9.074,0.030,1363.000,150.010,-7.390,12.510,44.160,8.990,-144.090,0.190,192.680,901.000,847.000,0.660,0.660,8.980,8.720,-7.290,-5.270,-3.850,63.980,1.690,3.460,99.120,0.180,28.720,161.400,2.580
149.000,-6.189,34.000,830.000,150.445,-9.708,0.035,1370.000,151.240,-7.860,12.400,31.370,8.930,-157.060,0.170,205.700,901.000,847.000,1.970,1.970,10.580,6.450,-8.220,-3.480,-3.810,51.670,2.360,2.990,118.740,0.200,6.690,169.950,2.750
150.000,-6.189,34.000,830.000,151.223,-10.342,0.038,1379.000,152.610,-8.670,12.230,18.370,8.840,-170.250,0.180,218.880,901.000,847.000,3.560,3.560,11.610,3.850,-8.710,-1.500,-3.750,39.240,2.900,2.370,116.130,0.240,6.550,171.030,2.750
121.000,-5.189,34.000,566.000,114.519,-17.599,0.167,2375.000,113.910,-8.040,5.260,1.990,-1.180,60.750,0.170,22.300,801.000,736.000,0.080,0.080,5.260,0.180,0.570,1.030,-5.950,12.500,5.810,1.290,46.050,0.070,17.040,289.370,2.230
122.000,-5.189,34.000,566.000,115.559,-17.505,0.167,2375.000,113.910,-8.040,5.260,1.990,-1.180,60.750,0.170,22.300,801.000,736.000,0.080,0.080,5.260,0.180,0.570,1.030,-5.950,12.500,5.810,1.290,46.050,0.070,17.040,289.370,2.230
123.000,-5.189,34.000,566.000,116.598,-17.407,0.169,1584.000,119.270,-8.070,8.730,16.500,3.030,-178.860,0.160,10.340,781.000,669.000,4.830,7.290,8.370,2.480,-3.030,-0.060,-5.860,24.300,5.340,2.410,52.840,0.110,34.360,230.530,2.480
124.000,-5.189,34.000,566.000,117.636,-17.305,0.163,1585.000,119.430,-8.100,8.730,16.500,3.030,-178.860,0.160,10.310,781.000,669.000,5.000,7.130,8.370,2.480,-3.030,-0.060,-5.860,24.320,5.340,2.410,52.840,0.110,34.360,230.530,2.480
125.000,-5.189,34.000,681.000,114.546,-22.176,0.211,2870.000,127.610,-22.530,1.810,0.120,-3.650,26.190,0.200,11.830,801.000,698.000,0.100,10.410,1.810,0.000,3.270,1.610,-5.330,17.570,5.080,1.610,25.450,0.020,55.820,126.060,1.950
126.000,-5.189,34.000,681.000,115.579,-22.456,0.194,2870.000,127.610,-22.530,1.810,0.120,-3.650,26.190,0.200,11.830,801.000,698.000,0.100,10.410,1.810,0.000,3.270,1.610,-5.330,17.570,5.080,1.610,25.450,0.020,55.820,126.060,1.950
131.000,-5.189,34.000,684.000,120.820,-24.688,0.115,2870.000,127.610,-22.530,1.810,0.120,-3.650,26.190,0.200,11.830,801.000,698.000,0.100,10.410,1.810,0.000,3.270,1.610,-5.330,17.570,5.080,1.610,25.450,0.020,55.820,126.060,1.950
132.000,-5.189,34.000,684.000,121.916,-24.651,0.098,2870.000,127.610,-22.530,1.810,0.120,-3.650,26.190,0.200,11.830,801.000,698.000,0.100,10.410,1.810,0.000,3.270,1.610,-5.330,17.570,5.080,1.610,25.450,0.020,55.820,126.060,1.950
133.000,-5.189,34.000,684.000,123.010,-24.608,0.082,2870.000,127.610,-22.530,1.810,0.120,-3.650,26.190,0.200,11.830,801.000,698.000,0.100,10.410,1.810,0.000,3.270,1.610,-5.330,17.570,5.080,1.610,25.450,0.020,55.820,126.060,1.950
134.000,-5.189,34.000,61501.000,123.977,-24.499,0.068,2870.000,127.610,-22.530,1.810,0.120,-3.650,26.190,0.200,11.830,801.000,698.000,0.100,10.410,1.810,0.000,3.270,1.610,-5.330,17.570,5.080,1.610,25.450,0.020,55.820,126.060,1.950
147.000,-5.189,34.000,830.000,149.539,-7.669,0.007,1361.000,149.640,-7.310,12.540,44.030,9.010,-144.170,0.190,192.720,901.000,847.000,0.280,0.280,9.020,8.720,-7.310,-5.270,-3.860,63.710,1.710,3.460,99.120,0.180,28.720,161.400,2.580
148.000,-5.189,34.000,830.000,150.314,-8.304,0.014,1366.000,150.550,-7.560,12.470,33.730,8.970,-154.610,0.190,203.220,901.000,847.000,1.230,1.230,10.370,6.920,-8.100,-3.850,-3.830,53.750,2.270,3.090,118.740,0.220,8.270,169.950,2.750
149.000,-5.189,34.000,830.000,151.091,-8.938,0.018,1372.000,151.560,-8.010,12.360,31.470,8.910,-157.010,0.170,205.650,901.000,847.000,2.320,2.320,10.550,6.450,-8.200,-3.480,-3.800,51.880,2.340,2.990,118.370,0.200,6.690,169.760,2.750
150.000,-5.189,34.000,830.000,151.869,-9.571,0.020,1379.000,152.610,-8.670,12.230,18.370,8.840,-170.250,0.180,218.880,901.000,847.000,3.560,3.560,11.610,3.850,-8.710,-1.500,-3.750,39.240,2.900,2.370,116.130,0.240,6.550,171.030,2.750
151.000,-5.189,34.000,830.000,152.650,-10.205,0.020,1385.000,153.480,-9.370,12.110,18.560,8.770,-170.170,0.180,218.740,901.000,847.000,4.670,4.670,11.480,3.850,-8.640,-1.500,-3.700,39.840,2.840,2.370,116.130,0.230,6.550,171.030,2.750
152.000,-5.189,34.000,830.000,153.432,-10.837,0.021,1390.000,154.230,-9.960,12.000,18.100,8.700,-170.740,0.190,219.260,901.000,847.000,5.610,5.610,11.400,3.730,-8.590,-1.400,-3.660,39.730,2.820,2.340,115.740,0.240,6.370,170.340,2.750
122.000,-4.189,34.000,566.000,115.458,-16.509,0.150,2375.000,113.910,-8.040,5.260,1.990,-1.180,60.750,0.170,22.300,801.000,736.000,0.080,0.080,5.260,0.180,0.570,1.030,-5.950,12.500,5.810,1.290,46.050,0.070,17.040,289.370,2.230
123.000,-4.189,34.000,566.000,116.493,-16.412,0.152,2375.000,113.910,-8.040,5.260,1.990,-1.180,60.750,0.170,22.300,801.000,736.000,0.080,0.080,5.260,0.180,0.570,1.030,-5.950,12.500,5.810,1.290,46.050,0.070,17.040,289.370,2.230
124.000,-4.189,34.000,681.000,113.825,-20.934,0.225,2375.000,113.910,-8.040,5.260,1.990,-1.180,60.750,0.170,22.300,801.000,736.000,0.080,0.080,5.260,0.180,0.570,1.030,-5.950,12.500,5.810,1.290,46.050,0.070,17.040,289.370,2.230
125.000,-4.189,34.000,681.000,114.850,-21.217,0.208,2870.000,127.610,-22.530,1.810,0.120,-3.650,26.190,0.200,11.830,801.000,698.000,0.100,10.410,1.810,0.000,3.270,1.610,-5.330,17.570,5.080,1.610,25.450,0.020,55.820,126.060,1.950
126.000,-4.189,34.000,681.000,115.878,-21.495,0.190,2870.000,127.610,-22.530,1.810,0.120,-3.650,26.190,0.200,11.830,801.000,698.000,0.100,10.410,1.810,0.000,3.270,1.610,-5.330,17.570,5.080,1.610,25.450,0.020,55.820,126.060,1.950
130.000,-4.189,34.000,681.000,120.027,-22.555,0.122,2870.000,127.610,-22.530,1.810,0.120,-3.650,26.190,0.200,11.830,801.000,698.000,0.100,10.410,1.810,0.000,3.270,1.610,-5.330,17.570,5.080,1.610,25.450,0.020,55.820,126.060,1.950
131.000,-4.189,34.000,681.000,121.073,-22.806,0.105,2870.000,127.610,-22.530,1.810,0.120,-3.650,26.190,0.200,11.830,801.000,698.000,0.100,10.410,1.810,0.000,3.270,1.610,-5.330,17.570,5.080,1.610,25.450,0.020,55.820,126.060,1.950
132.000,-4.189,34.000,684.000,121.871,-23.652,0.094,2870.000,127.610,-22.530,1.810,0.120,-3.650,26.190,0.200,11.830,801.000,698.000,0.100,10.410,1.810,0.000,3.270,1.610,-5.330,17.570,5.080,1.610,25.450,0.020,55.820,126.060,1.950
133.000,-4.189,34.000,61501.000,123.176,-23.292,0.072,2870.000,127.610,-22.530,1.810,0.120,-3.650,26.190,0.200,11.830,801.000,698.000,0.100,10.410,1.810,0.000,3.270,1.610,-5.330,17.570,5.080,1.610,25.450,0.020,55.820,126.060,1.950
149.000,-4.189,34.000,830.000,151.734,-8.166,0.002,1373.000,151.710,-8.080,12.350,31.510,8.900,-156.980,0.170,205.630,901.000,847.000,2.490,2.490,10.530,6.450,-8.190,-3.480,-3.790,52.000,2.330,2.990,118.370,0.200,6.690,169.760,2.750
150.000,-4.189,34.000,830.000,152.513,-8.799,0.003,1379.000,152.610,-8.670,12.230,18.370,8.840,-170.250,0.180,218.880,901.000,847.000,3.560,3.560,11.610,3.850,-8.710,-1.500,-3.750,39.240,2.900,2.370,116.130,0.240,6.550,171.030,2.750
151.000,-4.189,34.000,830.000,153.294,-9.432,0.003,1384.000,153.340,-9.250,12.130,18.530,8.780,-170.180,0.180,218.770,901.000,847.000,4.490,4.490,11.500,3.850,-8.650,-1.500,-3.710,39.740,2.850,2.370,116.130,0.230,6.550,171.030,2.750
152.000,-4.189,34.000,830.000,154.077,-10.064,0.003,1390.000,154.230,-9.960,12.000,18.100,8.700,-170.740,0.190,219.260,901.000,847.000,5.610,5.610,11.400,3.730,-8.590,-1.400,-3.660,39.730,2.820,2.340,115.740,0.240,6.370,170.340,2.750
153.000,-4.189,34.000,847.000,153.961,-11.216,0.020,1393.000,154.680,-10.320,11.930,18.200,8.670,-170.700,0.190,219.180,901.000,847.000,6.190,6.190,11.330,3.730,-8.550,-1.400,-3.640,40.060,2.780,2.340,113.050,0.240,7.880,182.610,2.740
126.000,-3.189,34.000,681.000,116.173,-20.534,0.189,2870.000,127.610,-22.530,1.810,0.120,-3.650,26.190,0.200,11.830,801.000,698.000,0.100,10.410,1.810,0.000,3.270,1.610,-5.330,17.570,5.080,1.610,25.450,0.020,55.820,126.060,1.950
129.000,-3.189,34.000,681.000,119.264,-21.332,0.137,2870.000,127.610,-22.530,1.810,0.120,-3.650,26.190,0.200,11.830,801.000,698.000,0.100,10.410,1.810,0.000,3.270,1.610,-5.330,17.570,5.080,1.610,25.450,0.020,55.820,126.060,1.950
130.000,-3.189,34.000,681.000,120.301,-21.587,0.119,2870.000,127.610,-22.530,1.810,0.120,-3.650,26.190,0.200,11.830,801.000,698.000,0.100,10.410,1.810,0.000,3.270,1.610,-5.330,17.570,5.080,1.610,25.450,0.020,55.820,126.060,1.950
131.000,-3.189,34.000,681.000,121.342,-21.837,0.102,2870.000,127.610,-22.530,1.810,0.120,-3.650,26.190,0.200,11.830,801.000,698.000,0.100,10.410,1.810,0.000,3.270,1.610,-5.330,17.570,5.080,1.610,25.450,0.020,55.820,126.060,1.950
132.000,-3.189,34.000,61501.000,122.385,-22.082,0.085,2870.000,127.610,-22.530,1.810,0.120,-3.650,26.190,0.200,11.830,801.000,698.000,0.100,10.410,1.810,0.000,3.270,1.610,-5.330,17.570,5.080,1.610,25.450,0.020,55.820,126.060,1.950
133.000,-3.189,34.000,61501.000,123.433,-22.320,0.067,2870.000,127.610,-22.530,1.810,0.120,-3.650,26.190,0.200,11.830,801.000,698.000,0.100,10.410,1.810,0.000,3.270,1.610,-5.330,17.570,5.080,1.610,25.450,0.020,55.820,126.060,1.950
150.000,-3.189,34.000,847.000,150.910,-10.226,0.040,1377.000,152.320,-8.440,12.270,18.300,8.860,-170.280,0.180,218.920,901.000,847.000,3.200,3.200,11.650,3.850,-8.730,-1.500,-3.760,39.040,2.920,2.370,118.370,0.240,6.690,169.760,2.750
151.000,-3.189,34.000,847.000,151.925,-10.225,0.029,1381.000,152.900,-8.900,12.190,18.430,8.810,-170.220,0.180,218.830,901.000,847.000,3.930,3.930,11.570,3.850,-8.690,-1.500,-3.730,39.430,2.880,2.370,116.130,0.230,6.550,171.030,2.750
152.000,-3.189,34.000,847.000,152.940,-10.221,0.018,1385.000,153.480,-9.370,12.110,18.560,8.770,-170.170,0.180,218.740,901.000,847.000,4.670,4.670,11.480,3.850,-8.640,-1.500,-3.700,39.840,2.840,2.370,116.130,0.230,6.550,171.030,2.750
153.000,-3.189,34.000,847.000,153.954,-10.216,0.007,1390.000,154.230,-9.960,12.000,18.100,8.700,-170.740,0.190,219.260,901.000,847.000,5.610,5.610,11.400,3.730,-8.590,-1.400,-3.660,39.730,2.820,2.340,115.740,0.240,6.370,170.340,2.750
154.000,-3.189,34.000,901.000,172.030,-8.273,0.183,1454.000,164.470,-15.720,10.540,7.200,7.810,176.470,0.180,231.860,901.000,847.000,13.910,17.540,10.460,1.320,-7.790,0.480,-3.230,34.110,2.680,1.810,93.740,0.200,30.850,202.360,2.530
128.000,-2.189,34.000,681.000,118.511,-20.106,0.154,2870.000,127.610,-22.530,1.810,0.120,-3.650,26.190,0.200,11.830,801.000,698.000,0.100,10.410,1.810,0.000,3.270,1.610,-5.330,17.570,5.080,1.610,25.450,0.020,55.820,126.060,1.950
129.000,-2.189,34.000,61502.000,119.540,-20.366,0.136,2870.000,127.610,-22.530,1.810,0.120,-3.650,26.190,0.200,11.830,801.000,698.000,0.100,10.410,1.810,0.000,3.270,1.610,-5.330,17.570,5.080,1.610,25.450,0.020,55.820,126.060,1.950
130.000,-2.189,34.000,61502.000,120.572,-20.620,0.119,2870.000,127.610,-22.530,1.810,0.120,-3.650,26.190,0.200,11.830,801.000,698.000,0.100,10.410,1.810,0.000,3.270,1.610,-5.330,17.570,5.080,1.610,25.450,0.020,55.820,126.060,1.950
131.000,-2.189,34.000,61502.000,121.607,-20.868,0.102,2870.000,127.610,-22.530,1.810,0.120,-3.650,26.190,0.200,11.830,801.000,698.000,0.100,10.410,1.810,0.000,3.270,1.610,-5.330,17.570,5.080,1.610,25.450,0.020,55.820,126.060,1.950
132.000,-2.189,34.000,61502.000,122.645,-21.111,0.084,2870.000,127.610,-22.530,1.810,0.120,-3.650,26.190,0.200,11.830,801.000,698.000,0.100,10.410,1.810,0.000,3.270,1.610,-5.330,17.570,5.080,1.610,25.450,0.020,55.820,126.060,1.950
151.000,-2.189,34.000,847.000,151.923,-9.225,0.015,1378.000,152.470,-8.560,12.250,18.330,8.850,-170.260,0.180,218.900,901.000,847.000,3.380,3.380,11.630,3.850,-8.720,-1.500,-3.760,39.140,2.910,2.370,116.510,0.240,6.550,171.560,2.750
152.000,-2.189,34.000,901.000,170.108,-7.106,0.178,1453.000,164.330,-15.610,10.570,31.970,7.820,-158.730,0.170,207.070,901.000,847.000,14.080,17.370,8.960,5.600,-7.290,-2.840,-3.240,58.790,1.680,2.770,95.220,0.160,35.310,198.080,2.540
153.000,-2.189,34.000,901.000,171.111,-7.192,0.187,1453.000,164.330,-15.610,10.570,31.970,7.820,-158.730,0.170,207.070,901.000,847.000,14.080,17.370,8.960,5.600,-7.290,-2.840,-3.240,58.790,1.680,2.770,95.220,0.160,35.310,198.080,2.540
154.000,-2.189,34.000,901.000,172.115,-7.277,0.197,1454.000,164.470,-15.720,10.540,7.200,7.810,176.470,0.180,231.860,901.000,847.000,13.910,17.540,10.460,1.320,-7.790,0.480,-3.230,34.110,2.680,1.810,93.740,0.200,30.850,202.360,2.530
155.000,-2.189,34.000,901.000,173.119,-7.360,0.207,1454.000,164.470,-15.720,10.540,7.200,7.810,176.470,0.180,231.860,901.000,847.000,13.910,17.540,10.460,1.320,-7.790,0.480,-3.230,34.110,2.680,1.810,93.740,0.200,30.850,202.360,2.530
127.000,-1.189,34.000,678.000,136.615,-11.740,0.026,2098.000,136.990,-13.190,6.120,18.250,3.370,140.150,0.200,343.520,781.000,688.000,0.690,23.170,5.810,1.920,-2.590,2.160,-5.190,50.080,3.330,3.980,73.360,0.110,27.560,257.460,2.440
128.000,-1.189,34.000,567.000,136.271,-11.757,0.024,2090.000,135.550,-12.960,3.950,-15.510,-1.940,42.050,0.190,30.350,781.000,678.000,0.860,0.860,3.810,-1.060,1.440,1.300,-5.250,3.250,5.250,0.300,77.610,0.070,32.920,267.610,2.360
129.000,-1.189,34.000,567.000,137.260,-11.507,0.027,2102.000,137.760,-12.970,6.540,17.020,3.760,144.950,0.190,343.350,781.000,688.000,1.480,22.390,6.260,1.920,-3.080,2.160,-5.160,50.440,3.280,3.980,71.750,0.110,24.060,251.700,2.460
130.000,-1.189,34.000,61502.000,120.839,-19.652,0.121,2870.000,127.610,-22.530,1.810,0.120,-3.650,26.190,0.200,11.830,801.000,698.000,0.100,10.410,1.810,0.000,3.270,1.610,-5.330,17.570,5.080,1.610,25.450,0.020,55.820,126.060,1.950
131.000,-1.189,34.000,698.000,120.718,-20.536,0.117,2870.000,127.610,-22.530,1.810,0.120,-3.650,26.190,0.200,11.830,801.000,698.000,0.100,10.410,1.810,0.000,3.270,1.610,-5.330,17.570,5.080,1.610,25.450,0.020,55.820,126.060,1.950
152.000,-1.189,34.000,901.000,170.195,-6.110,0.194,1453.000,164.330,-15.610,10.570,31.970,7.820,-158.730,0.170,207.070,901.000,847.000,14.080,17.370,8.960,5.600,-7.290,-2.840,-3.240,58.790,1.680,2.770,95.220,0.160,35.310,198.080,2.540
153.000,-1.189,34.000,901.000,171.197,-6.196,0.202,1453.000,164.330,-15.610,10.570,31.970,7.820,-158.730,0.170,207.070,901.000,847.000,14.080,17.370,8.960,5.600,-7.290,-2.840,-3.240,58.790,1.680,2.770,95.220,0.160,35.310,198.080,2.540
154.000,-1.189,34.000,901.000,172.199,-6.280,0.211,1454.000,164.470,-15.720,10.540,7.200,7.810,176.470,0.180,231.860,901.000,847.000,13.910,17.540,10.460,1.320,-7.790,0.480,-3.230,34.110,2.680,1.810,93.740,0.200,30.850,202.360,2.530
155.000,-1.189,34.000,901.000,173.202,-6.363,0.221,1454.000,164.470,-15.720,10.540,7.200,7.810,176.470,0.180,231.860,901.000,847.000,13.910,17.540,10.460,1.320,-7.790,0.480,-3.230,34.110,2.680,1.810,93.740,0.200,30.850,202.360,2.530
126.000,-0.189,34.000,678.000,135.318,-11.122,0.025,2084.000,134.550,-12.320,4.250,-17.150,-1.750,44.410,0.190,33.530,781.000,678.000,2.020,2.020,4.070,-1.250,1.250,1.220,-5.310,0.280,5.310,0.030,74.340,0.080,29.330,262.930,2.430
127.000,-0.189,34.000,679.000,135.032,-11.034,0.023,2082.000,134.220,-12.110,4.350,-16.740,-1.690,46.440,0.190,33.600,781.000,678.000,2.400,2.400,4.170,-1.250,1.160,1.220,-5.330,0.280,5.330,0.030,74.210,0.080,29.330,264.830,2.430
128.000,-0.189,34.000,679.000,136.019,-10.788,0.036,2086.000,134.890,-12.540,4.150,-17.580,-1.810,42.520,0.190,33.460,781.000,678.000,1.630,1.630,3.960,-1.250,1.340,1.220,-5.290,0.280,5.290,0.030,78.900,0.080,35.470,273.330,2.320
129.000,-0.189,34.000,680.000,137.004,-10.539,0.044,2102.000,137.760,-12.970,6.540,17.020,3.760,144.950,0.190,343.350,781.000,688.000,1.480,22.390,6.260,1.920,-3.080,2.160,-5.160,50.440,3.280,3.980,71.750,0.110,24.060,251.700,2.460
130.000,-0.189,34.000,680.000,137.988,-10.287,0.044,2107.000,138.700,-12.700,7.070,15.720,4.270,149.580,0.190,343.140,781.000,688.000,2.430,21.430,6.800,1.920,-3.680,2.160,-5.120,50.900,3.230,3.980,70.140,0.120,21.010,244.770,2.480
153.000,-0.189,34.000,901.000,171.283,-5.200,0.217,1453.000,164.330,-15.610,10.570,31.970,7.820,-158.730,0.170,207.070,901.000,847.000,14.080,17.370,8.960,5.600,-7.290,-2.840,-3.240,58.790,1.680,2.770,95.220,0.160,35.310,198.080,2.540
154.000,-0.189,34.000,901.000,172.283,-5.284,0.225,1453.000,164.330,-15.610,10.570,31.970,7.820,-158.730,0.170,207.070,901.000,847.000,14.080,17.370,8.960,5.600,-7.290,-2.840,-3.240,58.790,1.680,2.770,95.220,0.160,35.310,198.080,2.540
155.000,-0.189,34.000,901.000,173.284,-5.367,0.235,1454.000,164.470,-15.720,10.540,7.200,7.810,176.470,0.180,231.860,901.000,847.000,13.910,17.540,10.460,1.320,-7.790,0.480,-3.230,34.110,2.680,1.810,93.740,0.200,30.850,202.360,2.530
126.000,0.811,34.000,678.000,134.988,-10.176,0.035,2080.000,133.900,-11.900,4.450,-16.360,-1.630,48.630,0.190,33.670,781.000,678.000,2.790,2.790,4.270,-1.250,1.080,1.220,-5.350,0.270,5.350,0.030,74.210,0.080,29.330,264.830,2.430
127.000,0.811,34.000,679.000,134.784,-10.064,0.034,2071.000,132.910,-10.640,4.810,-52.480,-1.340,17.090,0.180,72.900,781.000,678.000,4.470,4.470,2.930,-3.810,1.280,0.390,-5.420,-38.520,4.240,-3.380,71.180,0.050,22.930,257.440,2.470
128.000,0.811,34.000,680.000,135.768,-9.819,0.048,2082.000,134.220,-12.110,4.350,-16.740,-1.690,46.440,0.190,33.600,781.000,678.000,2.400,2.400,4.170,-1.250,1.160,1.220,-5.330,0.280,5.330,0.030,74.210,0.080,29.330,264.830,2.430
129.000,0.811,34.000,680.000,136.750,-9.571,0.061,2085.000,134.720,-12.430,4.200,-17.360,-1.780,43.450,0.190,33.500,781.000,678.000,1.820,1.820,4.010,-1.250,1.290,1.220,-5.300,0.280,5.300,0.030,74.340,0.080,35.470,262.930,2.430
125.000,1.811,34.000,669.000,120.884,-7.122,0.013,1595.000,121.100,-7.830,8.720,45.590,3.060,-150.000,0.180,341.070,781.000,669.000,5.400,5.400,6.100,6.230,-2.650,-1.530,-5.830,53.620,3.460,4.690,69.630,0.100,16.410,281.520,2.490
126.000,1.811,34.000,678.000,134.660,-9.230,0.035,2064.000,132.650,-9.420,5.000,-63.130,-1.070,6.340,0.180,86.840,781.000,678.000,5.730,5.730,2.260,-4.460,1.060,0.120,-5.460,-52.000,3.360,-4.300,62.340,0.040,7.940,233.200,2.480
127.000,1.811,34.000,678.000,135.617,-8.905,0.052,2062.000,132.630,-9.050,5.040,-62.150,-0.990,6.860,0.180,86.850,781.000,678.000,6.090,6.090,2.360,-4.460,0.980,0.120,-5.470,-51.870,3.380,-4.300,62.340,0.040,7.940,233.200,2.480
128.000,1.811,34.000,679.000,135.518,-8.850,0.050,2062.000,132.630,-9.050,5.040,-62.150,-0.990,6.860,0.180,86.850,781.000,678.000,6.090,6.090,2.360,-4.460,0.980,0.120,-5.470,-51.870,3.380,-4.300,62.340,0.040,7.940,233.200,2.480
125.000,2.811,34.000,645.000,122.511,-4.019,0.048,1609.000,123.320,-6.660,8.690,43.560,3.080,-152.590,0.170,343.020,781.000,669.000,2.890,2.890,6.300,5.990,-2.730,-1.420,-5.800,51.990,3.570,4.570,24.200,0.060,40.080,155.420,1.950
126.000,2.811,34.000,678.000,134.334,-8.283,0.030,2058.000,132.590,-8.330,5.130,-60.250,-0.830,8.190,0.180,86.850,781.000,678.000,6.810,6.810,2.550,-4.460,0.820,0.120,-5.490,-51.610,3.410,-4.300,57.950,0.040,8.060,221.500,2.490
127.000,2.811,34.000,678.000,135.288,-7.960,0.047,2057.000,132.580,-8.150,5.160,-59.790,-0.790,8.610,0.180,86.850,781.000,678.000,6.990,6.990,2.600,-4.460,0.780,0.120,-5.500,-51.550,3.420,-4.300,57.950,0.040,8.060,221.500,2.490
126.000,3.811,34.000,669.000,122.761,-5.889,0.016,1607.000,123.000,-6.760,8.700,43.540,3.080,-152.560,0.170,343.060,781.000,669.000,3.220,3.220,6.310,5.990,-2.730,-1.420,-5.800,51.920,3.580,4.570,24.200,0.060,40.080,155.420,1.950
148.000,4.811,34.000,690.000,154.041,0.519,0.040,2219.000,156.030,-0.590,19.290,17.180,16.780,-152.290,0.040,293.020,901.000,688.000,0.020,0.020,18.430,5.700,-14.850,-7.800,-4.120,-31.640,3.510,-2.160,125.020,0.080,4.010,173.100,2.700
